0.0, 0.0
0.01, 3.3333333333333335E-7
0.02, 3.166666666666667E-6
0.03, 1.1500000000000002E-5
0.04, 2.8333333333333335E-5
0.05, 5.666666666666667E-5
0.06, 9.95E-5
0.07, 1.5983333333333333E-4
0.08, 2.4066666666666667E-4
0.09, 3.4500000000000004E-4
0.1, 4.758333333333333E-4
0.11, 6.361666666666666E-4
0.12, 8.290000000000001E-4
0.13, 0.0010573333333333333
0.14, 0.0013241666666666666
0.15, 0.0016325
0.16, 0.0019853333333333337
0.17, 0.0023856666666666657
0.18, 0.0028365
0.19, 0.003340833333333334
0.2, 0.0039016666666666666
0.21, 0.004522
0.22, 0.005204833333333332
0.23, 0.005953166666666667
0.24, 0.006769999999999999
0.25, 0.007658333333333333
0.26, 0.00862116666666667
0.27, 0.0096615
0.28, 0.010782333333333335
0.29, 0.011986666666666672
0.3, 0.013277500000000001
0.31, 0.014657833333333327
0.32, 0.016130666666666668
0.33, 0.017699000000000003
0.34, 0.019365833333333332
0.35000000000000003, 0.021134166666666662
0.36, 0.023007000000000007
0.37, 0.024987333333333337
0.38, 0.027078166666666664
0.39, 0.029282500000000003
0.4, 0.03160333333333333
0.41000000000000003, 0.03404366666666666
0.42, 0.03660649999999999
0.43, 0.039294833333333334
0.44, 0.04211166666666666
0.45, 0.04506
0.46, 0.04814283333333333
0.47000000000000003, 0.051363166666666654
0.48, 0.054724
0.49, 0.058228333333333326
0.5, 0.06187916666666665
0.51, 0.06567949999999999
0.52, 0.06963233333333335
0.53, 0.07374066666666666
0.54, 0.07800750000000004
0.55, 0.08243583333333332
0.56, 0.0870286666666667
0.5700000000000001, 0.09178899999999998
0.58, 0.09671983333333337
0.59, 0.10182416666666665
0.6, 0.107105
0.61, 0.11256533333333332
0.62, 0.11820816666666668
0.63, 0.12403649999999998
0.64, 0.13005333333333335
0.65, 0.13626166666666667
0.66, 0.14266449999999994
0.67, 0.14926483333333332
0.68, 0.15606566666666669
0.6900000000000001, 0.16307
0.7000000000000001, 0.1702808333333333
0.71, 0.17770116666666674
0.72, 0.18533400000000003
0.73, 0.19318233333333337
0.74, 0.20124916666666673
0.75, 0.20953749999999996
0.76, 0.21805033333333337
0.77, 0.22679066666666672
0.78, 0.2357614999999999
0.79, 0.24496583333333338
0.8, 0.2544066666666666
0.81, 0.26408700000000007
0.8200000000000001, 0.2740098333333334
0.8300000000000001, 0.2841781666666666
0.84, 0.29459499999999994
0.85, 0.3052633333333332
0.86, 0.31618616666666655
0.87, 0.3273665
0.88, 0.3388073333333334
0.89, 0.35051166666666644
0.9, 0.36248249999999993
0.91, 0.37472283333333345
0.92, 0.38723566666666664
0.93, 0.4000239999999998
0.9400000000000001, 0.4130908333333334
0.9500000000000001, 0.42643916666666676
0.96, 0.4400719999999999
0.97, 0.4539923333333334
0.98, 0.4682031666666666
0.99, 0.4827075000000002
1.0, 0.4975083333333332
1.01, 0.5074584999999998
1.02, 0.5173091666666666
1.03, 0.5270603333333335
1.04, 0.5367119999999999
1.05, 0.5462641666666667
1.06, 0.5557168333333334
1.07, 0.56507
1.08, 0.5743236666666669
1.09, 0.5834778333333331
1.1, 0.5925324999999999
1.11, 0.6014876666666669
1.12, 0.6103433333333333
1.1300000000000001, 0.6190995000000004
1.1400000000000001, 0.6277561666666671
1.1500000000000001, 0.6363133333333335
1.16, 0.6447710000000001
1.17, 0.653129166666667
1.18, 0.6613878333333335
1.19, 0.6695470000000001
1.2, 0.6776066666666674
1.21, 0.6855668333333333
1.22, 0.6934275000000003
1.23, 0.7011886666666668
1.24, 0.7088503333333339
1.25, 0.7164125000000005
1.26, 0.7238751666666671
1.27, 0.7312383333333332
1.28, 0.7385020000000008
1.29, 0.7456661666666665
1.3, 0.7527308333333338
1.31, 0.7596960000000005
1.32, 0.7665616666666673
1.33, 0.7733278333333337
1.34, 0.7799944999999999
1.35, 0.7865616666666665
1.36, 0.7930293333333336
1.37, 0.7993975000000001
1.3800000000000001, 0.8056661666666667
1.3900000000000001, 0.8118353333333334
1.4000000000000001, 0.8179050000000002
1.41, 0.8238751666666665
1.42, 0.8297458333333334
1.43, 0.835517
1.44, 0.8411886666666665
1.45, 0.8467608333333336
1.46, 0.8522335000000001
1.47, 0.8576066666666666
1.48, 0.8628803333333334
1.49, 0.8680545000000002
1.5, 0.8731291666666667
1.51, 0.8781043333333334
1.52, 0.8829800000000002
1.53, 0.8877561666666668
1.54, 0.8924328333333332
1.55, 0.8970099999999999
1.56, 0.901487666666667
1.57, 0.9058658333333336
1.58, 0.9101445000000002
1.59, 0.9143236666666669
1.6, 0.9184033333333337
1.61, 0.9223835
1.62, 0.9262641666666668
1.6300000000000001, 0.9300453333333336
1.6400000000000001, 0.9337270000000003
1.6500000000000001, 0.9373091666666669
1.6600000000000001, 0.9407918333333338
1.67, 0.944175
1.68, 0.9474586666666672
1.69, 0.9506428333333332
1.7, 0.9537275000000003
1.71, 0.9567126666666669
1.72, 0.9595983333333334
1.73, 0.9623845000000005
1.74, 0.965071166666667
1.75, 0.9676583333333335
1.76, 0.9701460000000004
1.77, 0.9725341666666669
1.78, 0.9748228333333332
1.79, 0.977012
1.8, 0.979101666666667
1.81, 0.981091833333334
1.82, 0.9829825000000002
1.83, 0.9847736666666669
1.84, 0.9864653333333335
1.85, 0.9880575000000001
1.86, 0.9895501666666667
1.87, 0.9909433333333337
1.8800000000000001, 0.992237
1.8900000000000001, 0.9934311666666673
1.9000000000000001, 0.9945258333333334
1.9100000000000001, 0.9955210000000001
1.92, 0.996416666666667
1.93, 0.9972128333333338
1.94, 0.9979095000000002
1.95, 0.9985066666666668
1.96, 0.9990043333333336
1.97, 0.9994025000000005
1.98, 0.9997011666666672
1.99, 0.9999003333333335
2.0, 1.0000000000000004
2.0100000000000002, 1.0000000000000004
2.02, 1.0000000000000004
2.0300000000000002, 1.0000000000000004
2.04, 1.0000000000000004
2.05, 1.0000000000000004
2.06, 1.0000000000000004
2.07, 1.0000000000000004
2.08, 1.0000000000000004
2.09, 1.0000000000000004
2.1, 1.0000000000000004
2.11, 1.0000000000000004
2.12, 1.0000000000000004
2.13, 1.0000000000000004
2.14, 1.0000000000000004
2.15, 1.0000000000000004
2.16, 1.0000000000000004
2.17, 1.0000000000000004
2.18, 1.0000000000000004
2.19, 1.0000000000000004
2.2, 1.0000000000000004
2.21, 1.0000000000000004
2.22, 1.0000000000000004
2.23, 1.0000000000000004
2.24, 1.0000000000000004
2.25, 1.0000000000000004
2.2600000000000002, 1.0000000000000004
2.27, 1.0000000000000004
2.2800000000000002, 1.0000000000000004
2.29, 1.0000000000000004
2.3000000000000003, 1.0000000000000004
2.31, 1.0000000000000004
2.32, 1.0000000000000004
2.33, 1.0000000000000004
2.34, 1.0000000000000004
2.35, 1.0000000000000004
2.36, 1.0000000000000004
2.37, 1.0000000000000004
2.38, 1.0000000000000004
2.39, 1.0000000000000004
2.4, 1.0000000000000004
2.41, 1.0000000000000004
2.42, 1.0000000000000004
2.43, 1.0000000000000004
2.44, 1.0000000000000004
2.45, 1.0000000000000004
2.46, 1.0000000000000004
2.47, 1.0000000000000004
2.48, 1.0000000000000004
2.49, 1.0000000000000004
2.5, 1.0000000000000004
2.5100000000000002, 1.0000000000000004
2.52, 1.0000000000000004
2.5300000000000002, 1.0000000000000004
2.54, 1.0000000000000004
2.5500000000000003, 1.0000000000000004
2.56, 1.0000000000000004
2.57, 1.0000000000000004
2.58, 1.0000000000000004
2.59, 1.0000000000000004
2.6, 1.0000000000000004
2.61, 1.0000000000000004
2.62, 1.0000000000000004
2.63, 1.0000000000000004
2.64, 1.0000000000000004
2.65, 1.0000000000000004
2.66, 1.0000000000000004
2.67, 1.0000000000000004
2.68, 1.0000000000000004
2.69, 1.0000000000000004
2.7, 1.0000000000000004
2.71, 1.0000000000000004
2.72, 1.0000000000000004
2.73, 1.0000000000000004
2.74, 1.0000000000000004
2.75, 1.0000000000000004
2.7600000000000002, 1.0000000000000004
2.77, 1.0000000000000004
2.7800000000000002, 1.0000000000000004
2.79, 1.0000000000000004
2.8000000000000003, 1.0000000000000004
2.81, 1.0000000000000004
2.82, 1.0000000000000004
2.83, 1.0000000000000004
2.84, 1.0000000000000004
2.85, 1.0000000000000004
2.86, 1.0000000000000004
2.87, 1.0000000000000004
2.88, 1.0000000000000004
2.89, 1.0000000000000004
2.9, 1.0000000000000004
2.91, 1.0000000000000004
2.92, 1.0000000000000004
2.93, 1.0000000000000004
2.94, 1.0000000000000004
2.95, 1.0000000000000004
2.96, 1.0000000000000004
2.97, 1.0000000000000004
2.98, 1.0000000000000004
2.99, 1.0000000000000004
3.0, 1.0000000000000004
3.0100000000000002, 1.0000000000000004
3.02, 1.0000000000000004
3.0300000000000002, 1.0000000000000004
3.04, 1.0000000000000004
3.0500000000000003, 1.0000000000000004
3.06, 1.0000000000000004
3.0700000000000003, 1.0000000000000004
3.08, 1.0000000000000004
3.09, 1.0000000000000004
3.1, 1.0000000000000004
3.11, 1.0000000000000004
3.12, 1.0000000000000004
3.13, 1.0000000000000004
3.14, 1.0000000000000004
3.15, 1.0000000000000004
3.16, 1.0000000000000004
3.17, 1.0000000000000004
3.18, 1.0000000000000004
3.19, 1.0000000000000004
3.2, 1.0000000000000004
3.21, 1.0000000000000004
3.22, 1.0000000000000004
3.23, 1.0000000000000004
3.24, 1.0000000000000004
3.25, 1.0000000000000004
3.2600000000000002, 1.0000000000000004
3.27, 1.0000000000000004
3.2800000000000002, 1.0000000000000004
3.29, 1.0000000000000004
3.3000000000000003, 1.0000000000000004
3.31, 1.0000000000000004
3.3200000000000003, 1.0000000000000004
3.33, 1.0000000000000004
3.34, 1.0000000000000004
3.35, 1.0000000000000004
3.36, 1.0000000000000004
3.37, 1.0000000000000004
3.38, 1.0000000000000004
3.39, 1.0000000000000004
3.4, 1.0000000000000004
3.41, 1.0000000000000004
3.42, 1.0000000000000004
3.43, 1.0000000000000004
3.44, 1.0000000000000004
3.45, 1.0000000000000004
3.46, 1.0000000000000004
3.47, 1.0000000000000004
3.48, 1.0000000000000004
3.49, 1.0000000000000004
3.5, 1.0000000000000004
3.5100000000000002, 1.0000000000000004
3.52, 1.0000000000000004
3.5300000000000002, 1.0000000000000004
3.54, 1.0000000000000004
3.5500000000000003, 1.0000000000000004
3.56, 1.0000000000000004
3.5700000000000003, 1.0000000000000004
3.58, 1.0000000000000004
3.59, 1.0000000000000004
3.6, 1.0000000000000004
3.61, 1.0000000000000004
3.62, 1.0000000000000004
3.63, 1.0000000000000004
3.64, 1.0000000000000004
3.65, 1.0000000000000004
3.66, 1.0000000000000004
3.67, 1.0000000000000004
3.68, 1.0000000000000004
3.69, 1.0000000000000004
3.7, 1.0000000000000004
3.71, 1.0000000000000004
3.72, 1.0000000000000004
3.73, 1.0000000000000004
3.74, 1.0000000000000004
3.75, 1.0000000000000004
3.7600000000000002, 1.0000000000000004
3.77, 1.0000000000000004
3.7800000000000002, 1.0000000000000004
3.79, 1.0000000000000004
3.8000000000000003, 1.0000000000000004
3.81, 1.0000000000000004
3.8200000000000003, 1.0000000000000004
3.83, 1.0000000000000004
3.84, 1.0000000000000004
3.85, 1.0000000000000004
3.86, 1.0000000000000004
3.87, 1.0000000000000004
3.88, 1.0000000000000004
3.89, 1.0000000000000004
3.9, 1.0000000000000004
3.91, 1.0000000000000004
3.92, 1.0000000000000004
3.93, 1.0000000000000004
3.94, 1.0000000000000004
3.95, 1.0000000000000004
3.96, 1.0000000000000004
3.97, 1.0000000000000004
3.98, 1.0000000000000004
3.99, 1.0000000000000004
4.0, 1.0000000000000004
4.01, 1.0000000000000004
4.0200000000000005, 1.0000000000000004
4.03, 1.0000000000000004
4.04, 1.0000000000000004
4.05, 1.0000000000000004
4.0600000000000005, 1.0000000000000004
4.07, 1.0000000000000004
4.08, 1.0000000000000004
4.09, 1.0000000000000004
4.1, 1.0000000000000004
4.11, 1.0000000000000004
4.12, 1.0000000000000004
4.13, 1.0000000000000004
4.14, 1.0000000000000004
4.15, 1.0000000000000004
4.16, 1.0000000000000004
4.17, 1.0000000000000004
4.18, 1.0000000000000004
4.19, 1.0000000000000004
4.2, 1.0000000000000004
4.21, 1.0000000000000004
4.22, 1.0000000000000004
4.23, 1.0000000000000004
4.24, 1.0000000000000004
4.25, 1.0000000000000004
4.26, 1.0000000000000004
4.2700000000000005, 1.0000000000000004
4.28, 1.0000000000000004
4.29, 1.0000000000000004
4.3, 1.0000000000000004
4.3100000000000005, 1.0000000000000004
4.32, 1.0000000000000004
4.33, 1.0000000000000004
4.34, 1.0000000000000004
4.3500000000000005, 1.0000000000000004
4.36, 1.0000000000000004
4.37, 1.0000000000000004
4.38, 1.0000000000000004
4.39, 1.0000000000000004
4.4, 1.0000000000000004
4.41, 1.0000000000000004
4.42, 1.0000000000000004
4.43, 1.0000000000000004
4.44, 1.0000000000000004
4.45, 1.0000000000000004
4.46, 1.0000000000000004
4.47, 1.0000000000000004
4.48, 1.0000000000000004
4.49, 1.0000000000000004
4.5, 1.0000000000000004
4.51, 1.0000000000000004
4.5200000000000005, 1.0000000000000004
4.53, 1.0000000000000004
4.54, 1.0000000000000004
4.55, 1.0000000000000004
4.5600000000000005, 1.0000000000000004
4.57, 1.0000000000000004
4.58, 1.0000000000000004
4.59, 1.0000000000000004
4.6000000000000005, 1.0000000000000004
4.61, 1.0000000000000004
4.62, 1.0000000000000004
4.63, 1.0000000000000004
4.64, 1.0000000000000004
4.65, 1.0000000000000004
4.66, 1.0000000000000004
4.67, 1.0000000000000004
4.68, 1.0000000000000004
4.69, 1.0000000000000004
4.7, 1.0000000000000004
4.71, 1.0000000000000004
4.72, 1.0000000000000004
4.73, 1.0000000000000004
4.74, 1.0000000000000004
4.75, 1.0000000000000004
4.76, 1.0000000000000004
4.7700000000000005, 1.0000000000000004
4.78, 1.0000000000000004
4.79, 1.0000000000000004
4.8, 1.0000000000000004
4.8100000000000005, 1.0000000000000004
4.82, 1.0000000000000004
4.83, 1.0000000000000004
4.84, 1.0000000000000004
4.8500000000000005, 1.0000000000000004
4.86, 1.0000000000000004
4.87, 1.0000000000000004
4.88, 1.0000000000000004
4.89, 1.0000000000000004
4.9, 1.0000000000000004
4.91, 1.0000000000000004
4.92, 1.0000000000000004
4.93, 1.0000000000000004
4.94, 1.0000000000000004
4.95, 1.0000000000000004
4.96, 1.0000000000000004
4.97, 1.0000000000000004
4.98, 1.0000000000000004
4.99, 1.0000000000000004
5.0, 1.0000000000000004
5.01, 1.0000000000000004
5.0200000000000005, 1.0000000000000004
5.03, 1.0000000000000004
5.04, 1.0000000000000004
5.05, 1.0000000000000004
5.0600000000000005, 1.0000000000000004
5.07, 1.0000000000000004
5.08, 1.0000000000000004
5.09, 1.0000000000000004
5.1000000000000005, 1.0000000000000004
5.11, 1.0000000000000004
5.12, 1.0000000000000004
5.13, 1.0000000000000004
5.14, 1.0000000000000004
5.15, 1.0000000000000004
5.16, 1.0000000000000004
5.17, 1.0000000000000004
5.18, 1.0000000000000004
5.19, 1.0000000000000004
5.2, 1.0000000000000004
5.21, 1.0000000000000004
5.22, 1.0000000000000004
5.23, 1.0000000000000004
5.24, 1.0000000000000004
5.25, 1.0000000000000004
5.26, 1.0000000000000004
5.2700000000000005, 1.0000000000000004
5.28, 1.0000000000000004
5.29, 1.0000000000000004
5.3, 1.0000000000000004
5.3100000000000005, 1.0000000000000004
5.32, 1.0000000000000004
5.33, 1.0000000000000004
5.34, 1.0000000000000004
5.3500000000000005, 1.0000000000000004
5.36, 1.0000000000000004
5.37, 1.0000000000000004
5.38, 1.0000000000000004
5.39, 1.0000000000000004
5.4, 1.0000000000000004
5.41, 1.0000000000000004
5.42, 1.0000000000000004
5.43, 1.0000000000000004
5.44, 1.0000000000000004
5.45, 1.0000000000000004
5.46, 1.0000000000000004
5.47, 1.0000000000000004
5.48, 1.0000000000000004
5.49, 1.0000000000000004
5.5, 1.0000000000000004
5.51, 1.0000000000000004
5.5200000000000005, 1.0000000000000004
5.53, 1.0000000000000004
5.54, 1.0000000000000004
5.55, 1.0000000000000004
5.5600000000000005, 1.0000000000000004
5.57, 1.0000000000000004
5.58, 1.0000000000000004
5.59, 1.0000000000000004
5.6000000000000005, 1.0000000000000004
5.61, 1.0000000000000004
5.62, 1.0000000000000004
5.63, 1.0000000000000004
5.64, 1.0000000000000004
5.65, 1.0000000000000004
5.66, 1.0000000000000004
5.67, 1.0000000000000004
5.68, 1.0000000000000004
5.69, 1.0000000000000004
5.7, 1.0000000000000004
5.71, 1.0000000000000004
5.72, 1.0000000000000004
5.73, 1.0000000000000004
5.74, 1.0000000000000004
5.75, 1.0000000000000004
5.76, 1.0000000000000004
5.7700000000000005, 1.0000000000000004
5.78, 1.0000000000000004
5.79, 1.0000000000000004
5.8, 1.0000000000000004
5.8100000000000005, 1.0000000000000004
5.82, 1.0000000000000004
5.83, 1.0000000000000004
5.84, 1.0000000000000004
5.8500000000000005, 1.0000000000000004
5.86, 1.0000000000000004
5.87, 1.0000000000000004
5.88, 1.0000000000000004
5.89, 1.0000000000000004
5.9, 1.0000000000000004
5.91, 1.0000000000000004
5.92, 1.0000000000000004
5.93, 1.0000000000000004
5.94, 1.0000000000000004
5.95, 1.0000000000000004
5.96, 1.0000000000000004
5.97, 1.0000000000000004
5.98, 1.0000000000000004
5.99, 1.0000000000000004
6.0, 1.0000000000000004
6.01, 1.0000000000000004
6.0200000000000005, 1.0000000000000004
6.03, 1.0000000000000004
6.04, 1.0000000000000004
6.05, 1.0000000000000004
6.0600000000000005, 1.0000000000000004
6.07, 1.0000000000000004
6.08, 1.0000000000000004
6.09, 1.0000000000000004
6.1000000000000005, 1.0000000000000004
6.11, 1.0000000000000004
6.12, 1.0000000000000004
6.13, 1.0000000000000004
6.140000000000001, 1.0000000000000004
6.15, 1.0000000000000004
6.16, 1.0000000000000004
6.17, 1.0000000000000004
6.18, 1.0000000000000004
6.19, 1.0000000000000004
6.2, 1.0000000000000004
6.21, 1.0000000000000004
6.22, 1.0000000000000004
6.23, 1.0000000000000004
6.24, 1.0000000000000004
6.25, 1.0000000000000004
6.26, 1.0000000000000004
6.2700000000000005, 1.0000000000000004
6.28, 1.0000000000000004
6.29, 1.0000000000000004
6.3, 1.0000000000000004
6.3100000000000005, 1.0000000000000004
6.32, 1.0000000000000004
6.33, 1.0000000000000004
6.34, 1.0000000000000004
6.3500000000000005, 1.0000000000000004
6.36, 1.0000000000000004
6.37, 1.0000000000000004
6.38, 1.0000000000000004
6.390000000000001, 1.0000000000000004
6.4, 1.0000000000000004
6.41, 1.0000000000000004
6.42, 1.0000000000000004
6.43, 1.0000000000000004
6.44, 1.0000000000000004
6.45, 1.0000000000000004
6.46, 1.0000000000000004
6.47, 1.0000000000000004
6.48, 1.0000000000000004
6.49, 1.0000000000000004
6.5, 1.0000000000000004
6.51, 1.0000000000000004
6.5200000000000005, 1.0000000000000004
6.53, 1.0000000000000004
6.54, 1.0000000000000004
6.55, 1.0000000000000004
6.5600000000000005, 1.0000000000000004
6.57, 1.0000000000000004
6.58, 1.0000000000000004
6.59, 1.0000000000000004
6.6000000000000005, 1.0000000000000004
6.61, 1.0000000000000004
6.62, 1.0000000000000004
6.63, 1.0000000000000004
6.640000000000001, 1.0000000000000004
6.65, 1.0000000000000004
6.66, 1.0000000000000004
6.67, 1.0000000000000004
6.68, 1.0000000000000004
6.69, 1.0000000000000004
6.7, 1.0000000000000004
6.71, 1.0000000000000004
6.72, 1.0000000000000004
6.73, 1.0000000000000004
6.74, 1.0000000000000004
6.75, 1.0000000000000004
6.76, 1.0000000000000004
6.7700000000000005, 1.0000000000000004
6.78, 1.0000000000000004
6.79, 1.0000000000000004
6.8, 1.0000000000000004
6.8100000000000005, 1.0000000000000004
6.82, 1.0000000000000004
6.83, 1.0000000000000004
6.84, 1.0000000000000004
6.8500000000000005, 1.0000000000000004
6.86, 1.0000000000000004
6.87, 1.0000000000000004
6.88, 1.0000000000000004
6.890000000000001, 1.0000000000000004
6.9, 1.0000000000000004
6.91, 1.0000000000000004
6.92, 1.0000000000000004
6.93, 1.0000000000000004
6.94, 1.0000000000000004
6.95, 1.0000000000000004
6.96, 1.0000000000000004
6.97, 1.0000000000000004
6.98, 1.0000000000000004
6.99, 1.0000000000000004
7.0, 1.0000000000000004
7.01, 1.0000000000000004
7.0200000000000005, 1.0000000000000004
7.03, 1.0000000000000004
7.04, 1.0000000000000004
7.05, 1.0000000000000004
7.0600000000000005, 1.0000000000000004
7.07, 1.0000000000000004
7.08, 1.0000000000000004
7.09, 1.0000000000000004
7.1000000000000005, 1.0000000000000004
7.11, 1.0000000000000004
7.12, 1.0000000000000004
7.13, 1.0000000000000004
7.140000000000001, 1.0000000000000004
7.15, 1.0000000000000004
7.16, 1.0000000000000004
7.17, 1.0000000000000004
7.18, 1.0000000000000004
7.19, 1.0000000000000004
7.2, 1.0000000000000004
7.21, 1.0000000000000004
7.22, 1.0000000000000004
7.23, 1.0000000000000004
7.24, 1.0000000000000004
7.25, 1.0000000000000004
7.26, 1.0000000000000004
7.2700000000000005, 1.0000000000000004
7.28, 1.0000000000000004
7.29, 1.0000000000000004
7.3, 1.0000000000000004
7.3100000000000005, 1.0000000000000004
7.32, 1.0000000000000004
7.33, 1.0000000000000004
7.34, 1.0000000000000004
7.3500000000000005, 1.0000000000000004
7.36, 1.0000000000000004
7.37, 1.0000000000000004
7.38, 1.0000000000000004
7.390000000000001, 1.0000000000000004
7.4, 1.0000000000000004
7.41, 1.0000000000000004
7.42, 1.0000000000000004
7.43, 1.0000000000000004
7.44, 1.0000000000000004
7.45, 1.0000000000000004
7.46, 1.0000000000000004
7.47, 1.0000000000000004
7.48, 1.0000000000000004
7.49, 1.0000000000000004
7.5, 1.0000000000000004
7.51, 1.0000000000000004
7.5200000000000005, 1.0000000000000004
7.53, 1.0000000000000004
7.54, 1.0000000000000004
7.55, 1.0000000000000004
7.5600000000000005, 1.0000000000000004
7.57, 1.0000000000000004
7.58, 1.0000000000000004
7.59, 1.0000000000000004
7.6000000000000005, 1.0000000000000004
7.61, 1.0000000000000004
7.62, 1.0000000000000004
7.63, 1.0000000000000004
7.640000000000001, 1.0000000000000004
7.65, 1.0000000000000004
7.66, 1.0000000000000004
7.67, 1.0000000000000004
7.68, 1.0000000000000004
7.69, 1.0000000000000004
7.7, 1.0000000000000004
7.71, 1.0000000000000004
7.72, 1.0000000000000004
7.73, 1.0000000000000004
7.74, 1.0000000000000004
7.75, 1.0000000000000004
7.76, 1.0000000000000004
7.7700000000000005, 1.0000000000000004
7.78, 1.0000000000000004
7.79, 1.0000000000000004
7.8, 1.0000000000000004
7.8100000000000005, 1.0000000000000004
7.82, 1.0000000000000004
7.83, 1.0000000000000004
7.84, 1.0000000000000004
7.8500000000000005, 1.0000000000000004
7.86, 1.0000000000000004
7.87, 1.0000000000000004
7.88, 1.0000000000000004
7.890000000000001, 1.0000000000000004
7.9, 1.0000000000000004
7.91, 1.0000000000000004
7.92, 1.0000000000000004
7.930000000000001, 1.0000000000000004
7.94, 1.0000000000000004
7.95, 1.0000000000000004
7.96, 1.0000000000000004
7.97, 1.0000000000000004
7.98, 1.0000000000000004
7.99, 1.0000000000000004
8.0, 1.0000000000000004
