t,f
0.0, 0.0
1.0, 0.009639117991802986
2.0, 0.01861979072341247
3.0, 0.027031405839650108
4.0, 0.0349560313985466
5.0, 0.04246864451160642
6.0, 0.04963741653689199
7.0, 0.05652403877519831
8.0, 0.0631840754681507
9.0, 0.06966733331973766
10.0, 0.07601823881757563
11.0, 0.08227621636763842
12.0, 0.08847606172041657
13.0, 0.09464830639570619
14.0, 0.10081956984089979
15.0, 0.10701289691257221
16.0, 0.11324807897848425
17.0, 0.11954195751856869
18.0, 0.12590870957780897
19.0, 0.13236011480741255
20.0, 0.13890580413738846
21.0, 0.14555349036551798
22.0, 0.1523091811352905
23.0, 0.15917737491742828
24.0, 0.16616124071391694
25.0, 0.17326278227641922
26.0, 0.18048298767819032
27.0, 0.18782196510492075
28.0, 0.195279065739213
29.0, 0.2028529946092052
30.0, 0.21054191025690155
31.0, 0.2183435140586201
32.0, 0.2262551300005148
33.0, 0.2342737756781156
34.0, 0.24239622525162735
35.0, 0.25061906504948933
36.0, 0.2589387424723411
37.0, 0.26735160880880754
38.0, 0.2758539565340643
39.0, 0.2844420516223542
40.0, 0.29311216136600543
41.0, 0.30186057815613143
42.0, 0.3106836396445115
43.0, 0.31957774567207503
44.0, 0.3285393723172202
45.0, 0.3375650833867784
46.0, 0.34665153964394335
47.0, 0.35579550604082205
48.0, 0.3649938571983989
49.0, 0.3742435813536564
50.0, 0.3835417829722289
51.0, 0.39288568420522507
52.0, 0.4022726253507324
53.0, 0.4117000644638091
54.0, 0.4211655762434874
55.0, 0.430666850311377
56.0, 0.44020168898368367
57.0, 0.4497680046268915
58.0, 0.45936381667681464
59.0, 0.46898724839121947
60.0, 0.4786365233975761
61.0, 0.48863454252341904
62.0, 0.49863238878782123
63.0, 0.5086300507371392
64.0, 0.5186275164064647
65.0, 0.5286247733090718
66.0, 0.5386218084260502
67.0, 0.5486186081961135
68.0, 0.5586151585056022
69.0, 0.5686114446786849
70.0, 0.5786074514677696
71.0, 0.5886031630441053
72.0, 0.5985985629886224
73.0, 0.6085936342829771
74.0, 0.6185883593008233
75.0, 0.6285827197993188
76.0, 0.6385766969108556
77.0, 0.6485702711350357
78.0, 0.6585634223308785
79.0, 0.6685561297092754
80.0, 0.6785483718256934
81.0, 0.6885401265731171
82.0, 0.6985313711752514
83.0, 0.7085220821799738
84.0, 0.7185122354530344
85.0, 0.7285018061720243
86.0, 0.7384907688205901
87.0, 0.7484790971829105
88.0, 0.7584667643384377
89.0, 0.7684537426568895
90.0, 0.7784400037935069
91.0, 0.7884255186845713
92.0, 0.7984102575431858
93.0, 0.8083941898553094
94.0, 0.8183772843760598
95.0, 0.828359509126274
96.0, 0.8383408313893217
97.0, 0.84832121770819
98.0, 0.8583006338828123
99.0, 0.8682790449676671
100.0, 0.8782564152696194
101.0, 0.8882327083460299
102.0, 0.8982078870031038
103.0, 0.9081819132945035
104.0, 0.9181547485202018
105.0, 0.928126353225587
106.0, 0.938096687200813
107.0, 0.9480657094803968
108.0, 0.9580333783430541
109.0, 0.9679996513117751
110.0, 0.9779644851541426
111.0, 0.987927835882879
112.0, 0.9978896587566308
113.0, 1.0078499082809826
114.0, 1.0178085382096982
115.0, 1.0277655015461895
116.0, 1.0377207505452044
117.0, 1.0476742367147336
118.0, 1.057625910818145
119.0, 1.067575722876517
120.0, 1.0775236221711972
121.0, 1.0874695572465574
122.0, 1.0974134759129635
123.0, 1.1073553252499426
124.0, 1.1172950516095517
125.0, 1.12723260061994
126.0, 1.1371679171891087
127.0, 1.1471009455088559
128.0, 1.1570316290589095
129.0, 1.166959910611246
130.0, 1.1768857322345854
131.0, 1.1868090352990683
132.0, 1.1967297604810996
133.0, 1.20664784776837
134.0, 1.2165632364650394
135.0, 1.2264758651970862
136.0, 1.2363856719178135
137.0, 1.24629259391352
138.0, 1.2561965678093132
139.0, 1.2660975295750854
140.0, 1.2759954145316277
141.0, 1.2858901573568888
142.0, 1.2957816920923784
143.0, 1.3056699521497015
144.0, 1.315554870317233
145.0, 1.3254363787669154
146.0, 1.3353144090611875
147.0, 1.345188892160038
148.0, 1.3550597584281732
149.0, 1.364926937642308
150.0, 1.3747903589985682
151.0, 1.38464995112
152.0, 1.3945056420641935
153.0, 1.4043573593310006
154.0, 1.414205029870365
155.0, 1.424048580090236
156.0, 1.43388793586459
157.0, 1.4437230225415327
158.0, 1.4535537649514965
159.0, 1.463380087415513
160.0, 1.4732019137535812
161.0, 1.4830191672931
162.0, 1.492831770877386
163.0, 1.5026396468742556
164.0, 1.5124427171846884
165.0, 1.5222409032515405
166.0, 1.5320341260683377
167.0, 1.5418223061881169
168.0, 1.5516053637323324
169.0, 1.5613832183998126
170.0, 1.5711557894757706
171.0, 1.5809229958408673
172.0, 1.5906847559803114
173.0, 1.6004409879930108
174.0, 1.610191609600765
175.0, 1.6199365381574873
176.0, 1.6296756906584753
177.0, 1.6394089837497008
178.0, 1.649136333737139
179.0, 1.6588576565961222
180.0, 1.6685728679807175
181.0, 1.6782818832331288
182.0, 1.6879846173931192
183.0, 1.6976809852074484
184.0, 1.7073709011393265
185.0, 1.7170542793778847
186.0, 1.7267310338476474
187.0, 1.7364010782180226
188.0, 1.7460643259127895
189.0, 1.7557206901195999
190.0, 1.765370083799466
191.0, 1.7750124196962636
192.0, 1.7846476103462223
193.0, 1.794275568087414
194.0, 1.8038962050692324
195.0, 1.8135094332618682
196.0, 1.823115164465768
197.0, 1.83271331032108
198.0, 1.8423037823170898
199.0, 1.8518864918016367
200.0, 1.8614613499905057
201.0, 1.8710282679768102
202.0, 1.8805871567403427
203.0, 1.8901379271569005
204.0, 1.8996804900076016
205.0, 1.9092147559881427
206.0, 1.9187406357180645
207.0, 1.9282580397499538
208.0, 1.9377668785786355
209.0, 1.9472670626503137
210.0, 1.9567585023716934
211.0, 1.9662411081190478
212.0, 1.9757147902472665
213.0, 1.9851794590988396
214.0, 1.9946350250128266
215.0, 2.0040813983337573
216.0, 2.0135184894205125
217.0, 2.0229462086551333
218.0, 2.03236446645161
219.0, 2.0417731732646
220.0, 2.0511722371088146
221.0, 1.9149791150206612
222.0, 1.7877825405846468
223.0, 1.6691620036663555
224.0, 1.5586987208193288
225.0, 1.4559788045859552
226.0, 1.360595844289209
227.0, 1.2721529786649162
228.0, 1.1902645310088202
229.0, 1.1145572689231888
230.0, 1.0446713431278223
231.0, 0.9802609530456218
232.0, 0.9209947808900446
233.0, 0.8665562306869246
234.0, 0.8166435039814458
235.0, 0.7709695398452823
236.0, 0.7292618431491035
237.0, 0.6912622218480359
238.0, 0.6567264511942861
239.0, 0.6254238802990287
240.0, 0.5971369942765691
241.0, 0.5716609432834499
242.0, 0.5488030480830624
243.0, 0.5283822902952365
244.0, 0.5102287942059105
245.0, 0.4941833058927186
246.0, 0.4800966744488807
247.0, 0.4678293392430916
248.0, 0.45725082642175846
249.0, 0.4482392572286149
250.0, 0.44068087017315155
251.0, 0.43446955861299996
252.0, 0.4295064249167264
253.0, 0.4256993520341337
254.0, 0.422962593013659
255.0, 0.42121637876422585
256.0, 0.42038654415611426
257.0, 0.4204041723869239
258.0, 0.42120525740000403
259.0, 0.4227303840297581
260.0, 0.42492442545757375
261.0, 0.42773625749053
262.0, 0.43111848911997364
263.0, 0.4350272087759472
264.0, 0.43942174566436826
265.0, 0.4442644455548481
266.0, 0.44952046037659626
267.0, 0.45515755097655886
268.0, 0.46114590239653247
269.0, 0.46745795103352766
270.0, 0.47406822305913593
271.0, 0.4809531834883066
272.0, 0.4880910953051806
273.0, 0.49546188807272207
274.0, 0.5030470354734781
275.0, 0.5108294412504253
276.0, 0.5187933330390956
277.0, 0.5269241636048417
278.0, 0.5352085190218244
279.0, 0.5436340333530023
280.0, 0.5521893094127654
281.0, 0.5621862012946105
282.0, 0.5721828435695706
283.0, 0.5821792212267779
284.0, 0.5921753186646569
285.0, 0.6021711196814856
286.0, 0.6121666074662001
287.0, 0.6221617645894388
288.0, 0.6321565729948322
289.0, 0.6421510139905456
290.0, 0.6521450682410829
291.0, 0.6621387157593266
292.0, 0.6721319358988598
293.0, 0.682124707346536
294.0, 0.6921170081153134
295.0, 0.7021088155373608
296.0, 0.7121001062574215
297.0, 0.7220908562264519
298.0, 0.7320810406955259
299.0, 0.7420706342100073
300.0, 0.7520596106040006
301.0, 0.7620479429950597
302.0, 0.7720356037791806
303.0, 0.7820225646260588
304.0, 0.7920087964746161
305.0, 0.8019942695288033
306.0, 0.8119789532536699
307.0, 0.8219628163717022
308.0, 0.831945826859437
309.0, 0.8419279519443336
310.0, 0.8519091581019187
311.0, 0.861889411053196
312.0, 0.8718686757623211
313.0, 0.881846916434534
314.0, 0.8918240965143589
315.0, 0.9018001786840627
316.0, 0.9117751248623644
317.0, 0.9217488962034097
318.0, 0.9317214530959909
319.0, 0.9416927551630249
320.0, 0.9516627612612752
321.0, 0.9616314294813257
322.0, 0.9715987171477917
323.0, 0.9815645808197826
324.0, 0.991528976291597
325.0, 1.0014918585936554
326.0, 1.0114531819936667
327.0, 1.0214128999980334
328.0, 1.0313709653534742
329.0, 1.0413273300488763
330.0, 1.051281945317378
331.0, 1.0612347616386566
332.0, 1.0711857287414444
333.0, 1.0811347956062534
334.0, 1.0910819104683138
335.0, 1.1010270208207134
336.0, 1.1109700734177488
337.0, 1.1209110142784668
338.0, 1.130849788690419
339.0, 1.1407863412135943
340.0, 1.1507206156845542
341.0, 1.1606525552207472
342.0, 1.1705821022250145
343.0, 1.1805091983902676
344.0, 1.1904337847043578
345.0, 1.2003558014551006
346.0, 1.2102751882354887
347.0, 1.2201918839490606
348.0, 1.230105826815435
349.0, 1.2400169543760102
350.0, 1.249925203499814
351.0, 1.2598305103895127
352.0, 1.2697328105875627
353.0, 1.2796320389825189
354.0, 1.2895281298154762
355.0, 1.2994210166866556
356.0, 1.3093106325621224
357.0, 1.3191969097806484
358.0, 1.3290797800606828
359.0, 1.338959174507471
360.0, 1.3488350236202828
361.0, 1.3587072572997616
362.0, 1.3685758048553909
363.0, 1.3784405950130734
364.0, 1.3883015559228205
365.0, 1.3981586151665386
366.0, 1.408011699765935
367.0, 1.4178607361905025
368.0, 1.4277056503656156
369.0, 1.437546367680713
370.0, 1.4473828129975685
371.0, 1.4572149106586503
372.0, 1.4670425844955621
373.0, 1.4768657578375657
374.0, 1.4866843535201797
375.0, 1.4964982938938491
376.0, 1.506307500832687
377.0, 1.5161118957432893
378.0, 1.5259113995736062
379.0, 1.5357059328218765
380.0, 1.545495415545625
381.0, 1.5552797673707095
382.0, 1.5650589075004304
383.0, 1.574832754724672
384.0, 1.5846012274291161
385.0, 1.5943642436044747
386.0, 1.60412172085578
387.0, 1.6138735764117094
388.0, 1.6236197271339443
389.0, 1.6333600895265636
390.0, 1.6430945797454668
391.0, 1.6528231136078304
392.0, 1.662545606601581
393.0, 1.672261973894895
394.0, 1.6819721303457265
395.0, 1.6916759905113372
396.0, 1.7013734686578605
397.0, 1.7110644787698601
398.0, 1.720748934559912
399.0, 1.7304267494781922
400.0, 1.740097836722068
401.0, 1.7497621092456934
402.0, 1.759419479769609
403.0, 1.7690698607903368
404.0, 1.7787131645899776
405.0, 1.788349303245798
406.0, 1.797978188639813
407.0, 1.8075997324683597
408.0, 1.8172138462516585
409.0, 1.8268204413433649
410.0, 1.836419428940098
411.0, 1.8460107200909608
412.0, 1.8555942257070366
413.0, 1.8651698565708659
414.0, 1.8747375233458992
415.0, 1.8842971365859302
416.0, 1.8938486067444973
417.0, 1.9033918441842541
418.0, 1.912926759186324
419.0, 1.9224532619596104
420.0, 1.9319712626500742
421.0, 1.941480671349991
422.0, 1.9509813981071522
423.0, 1.960473352934042
424.0, 1.969956445816977
425.0, 1.979430586725188
426.0, 1.9888956856198847
427.0, 1.9983516524632554
428.0, 2.0077983972274356
429.0, 2.017235829903419
430.0, 2.0266638605099367
431.0, 2.0360823991022716
432.0, 2.0454913557810315
433.0, 2.054890640700872
434.0, 2.0642801640791624
435.0, 2.0736598362045977
436.0, 2.083029567445768
437.0, 2.0923892682596477
438.0, 2.1017388492000606
439.0, 2.1110782209260543
440.0, 2.12040729163692
441.0, 1.9796106141270242
442.0, 1.8481212285249924
443.0, 1.7255017258084915
444.0, 1.6113167765307315
445.0, 1.5051363903705985
446.0, 1.406538566418651
447.0, 1.3151114177143939
448.0, 1.2304548434574811
449.0, 1.152181813359688
450.0, 1.079919320663268
451.0, 1.0133090533151368
452.0, 0.9520078265570122
453.0, 0.8956878146813505
454.0, 0.844036614833016
455.0, 0.7967571714366604
456.0, 0.7535675860369663
457.0, 0.7142008339968556
458.0, 0.6784044065573082
459.0, 0.6459398941765786
460.0, 0.6165825247964051
461.0, 0.5901206686923046
462.0, 0.5663553198225554
463.0, 0.5450995620673491
464.0, 0.5261780274206491
465.0, 0.509426352039856
466.0, 0.4946906350524085
467.0, 0.48182690414608303
468.0, 0.4707005912150491
469.0, 0.4611860206826696
470.0, 0.45316591256195704
471.0, 0.4465309018345212
472.0, 0.4411790753188077
473.0, 0.437015526849731
474.0, 0.4339519312967488
475.0, 0.43190613769913794
476.0, 0.4308017815896718
477.0, 0.4305679164057458
478.0, 0.4311386637455543
479.0, 0.4324528821119955
480.0, 0.4344538536950327
481.0, 0.4370889886708821
482.0, 0.4403095464410449
483.0, 0.44407037319317244
484.0, 0.44832965513704875
485.0, 0.4530486867505928
486.0, 0.4581916533611627
487.0, 0.46372542738511713
488.0, 0.4696193775522696
489.0, 0.4758451904505689
490.0, 0.4823767037390478
491.0, 0.4891897503929922
492.0, 0.49626201336379844
493.0, 0.5035728900563611
494.0, 0.511103366048683
495.0, 0.518835897501283
496.0, 0.5267543017274195
497.0, 0.5348436554190005
498.0, 0.5430902000469222
499.0, 0.551481253978365
500.0, 0.5600051308770025
501.0, 0.5700018978612371
502.0, 0.5799984068011654
503.0, 0.5899946422995236
504.0, 0.5999905883599543
505.0, 0.609986228377694
506.0, 0.6199815451305103
507.0, 0.6299765207698843
508.0, 0.6399711368124458
509.0, 0.6499653741316653
510.0, 0.6599592129498125
511.0, 0.6699526328301558
512.0, 0.6799456126694472
513.0, 0.6899381306906615
514.0, 0.6999301644360009
515.0, 0.7099216907601753
516.0, 0.7199126858239475
517.0, 0.7299031250879503
518.0, 0.7398929833067768
519.0, 0.7498822345233396
520.0, 0.7598708520635108
521.0, 0.7698588085310218
522.0, 0.77984607580265
523.0, 0.7898326250236712
524.0, 0.7998184266035826
525.0, 0.8098034502121042
526.0, 0.8197876647754472
527.0, 0.8297710384728526
528.0, 0.8397535387334055
529.0, 0.8497351322331086
530.0, 0.8597157848922311
531.0, 0.8696954618729181
532.0, 0.8796741275770694
533.0, 0.8896517456444764
534.0, 0.8996282789512201
535.0, 0.9096036896083384
536.0, 0.9195779389607304
537.0, 0.9295509875863388
538.0, 0.9395227952955663
539.0, 0.9494933211309575
540.0, 0.9594625233671178
541.0, 0.9694303595108857
542.0, 0.9793967863017435
543.0, 0.9893617597124749
544.0, 0.9993252349500543
545.0, 1.009287166456775
546.0, 1.0192475079116095
547.0, 1.0292062122318002
548.0, 1.0391632315746786
549.0, 1.0491185173397006
550.0, 1.0590720201707162
551.0, 1.0690236899584424
552.0, 1.078973475843163
553.0, 1.0889213262176312
554.0, 1.0988671887301877
555.0, 1.1088110102880786
556.0, 1.11875273706098
557.0, 1.1286923144847105
558.0, 1.1386296872651591
559.0, 1.148564799382385
560.0, 1.1584975940949163
561.0, 1.1684280139442327
562.0, 1.1783560007594276
563.0, 1.188281495662051
564.0, 1.1982044390711282
565.0, 1.2081247707083451
566.0, 1.218042429603409
567.0, 1.2279573540995694
568.0, 1.2378694818592968
569.0, 1.247778749870127
570.0, 1.2576850944506568
571.0, 1.2675884512566855
572.0, 1.2774887552875096
573.0, 1.2873859408923627
574.0, 1.2972799417769874
575.0, 1.307170691010354
576.0, 1.3170581210315038
577.0, 1.3269421636565308
578.0, 1.336822750085683
579.0, 1.3466998109105925
580.0, 1.3565732761216227
581.0, 1.3664430751153285
582.0, 1.3763091367020388
583.0, 1.3861713891135388
584.0, 1.396029760010866
585.0, 1.405884176492205
586.0, 1.4157345651008828
587.0, 1.4255808518334634
588.0, 1.435422962147932
589.0, 1.445260820971972
590.0, 1.4550943527113243
591.0, 1.4649234812582377
592.0, 1.4747481299999936
593.0, 1.484568221827508
594.0, 1.494383679144016
595.0, 1.5041944238738103
596.0, 1.5140003774710704
597.0, 1.5238014609287363
598.0, 1.533597594787459
599.0, 1.543388699144596
600.0, 1.5531746936632815
601.0, 1.5629554975815296
602.0, 1.572731029721406
603.0, 1.5825012084982275
604.0, 1.592265951929831
605.0, 1.6020251776458594
606.0, 1.6117788028971027
607.0, 1.6215267445648727
608.0, 1.6312689191704042
609.0, 1.6410052428842958
610.0, 1.6507356315359754
611.0, 1.6604600006231929
612.0, 1.670178265321533
613.0, 1.6798903404939525
614.0, 1.6895961407003348
615.0, 1.6992955802070566
616.0, 1.7089885729965757
617.0, 1.7186750327770233
618.0, 1.7283548729918057
619.0, 1.7380280068292147
620.0, 1.7476943472320412
621.0, 1.75735380690719
622.0, 1.7670062983352932
623.0, 1.7766517337803256
624.0, 1.7862900252992078
625.0, 1.7959210847514107
626.0, 1.805544823808544
627.0, 1.8151611539639392
628.0, 1.8247699865422116
629.0, 1.8343712327088262
630.0, 1.843964803479617
631.0, 1.853550609730313
632.0, 1.8631285622060367
633.0, 1.8726985715307718
634.0, 1.882260548216814
635.0, 1.8918144026742003
636.0, 1.9013600452200972
637.0, 1.9108973860881695
638.0, 1.9204263354379183
639.0, 1.929946803363978
640.0, 1.9394586999053898
641.0, 1.948961935054826
642.0, 1.958456418767796
643.0, 1.9679420609717877
644.0, 1.9774187715753953
645.0, 1.9868864604773788
646.0, 1.996345037575709
647.0, 2.005794412776539
648.0, 2.015234496003154
649.0, 2.0246651972048504
650.0, 2.034086426365793
651.0, 2.0434980935137967
652.0, 2.052900108729076
653.0, 2.0622923821529286
654.0, 2.071674823996378
655.0, 2.081047344548748
656.0, 2.090409854186199
657.0, 2.0997622633801822
658.0, 2.1091044827058707
659.0, 2.1184364228504937
660.0, 2.1277579920394007
661.0, 1.9864730026439261
662.0, 1.8545282732691168
663.0, 1.7314846014476815
664.0, 1.6169049018041965
665.0, 1.5103574751739772
666.0, 1.411418666255972
667.0, 1.3196749936510173
668.0, 1.2347248259997532
669.0, 1.1561796689397883
670.0, 1.0836651196263827
671.0, 1.0168215384948773
672.0, 0.9553044816876306
673.0, 0.8987849320350546
674.0, 0.8469493615904881
675.0, 0.7994996544012464
676.0, 0.756152914390193
677.0, 0.7166411798669304
678.0, 0.6807110632347647
679.0, 0.6481233318638225
680.0, 0.6186524438218616
681.0, 0.5920860501564145
682.0, 0.568224473672975
683.0, 0.546880172625312
684.0, 0.527877196400312
685.0, 0.5110506391182879
686.0, 0.496246096060234
687.0, 0.48331912695824497
688.0, 0.4721347294281034
689.0, 0.4625668251698943
690.0, 0.4544977610006729
691.0, 0.4478178263016795
692.0, 0.44242478805134255
693.0, 0.4382234442656498
694.0, 0.4351251963715869
695.0, 0.4330476407904189
696.0, 0.4319141797995454
697.0, 0.4316536515690839
698.0, 0.43219997912763447
699.0, 0.43349183789652457
700.0, 0.43547234133975543
701.0, 0.4380887442044326
702.0, 0.44129216277108263
703.0, 0.4450373114922277
704.0, 0.4492822553689429
705.0, 0.4539881773967875
706.0, 0.4591191604029841
707.0, 0.464641982594487
708.0, 0.4705259261403788
709.0, 0.4767425981208595
710.0, 0.48326576318792547
711.0, 0.49007118729888627
712.0, 0.49713649190251114
713.0, 0.5044410179781135
714.0, 0.5119656993498627
715.0, 0.5196929447216275
716.0, 0.5276065279012294
717.0, 0.5356914857069653
718.0, 0.5439340230732402
719.0, 0.5523214248960665
720.0, 0.5608419741827249
721.0, 0.5708387277776491
722.0, 0.5808352224245609
723.0, 0.5908314426848158
724.0, 0.6008273725197786
725.0, 0.6108229952815226
726.0, 0.6208182937037835
727.0, 0.6308132498931533
728.0, 0.6408078453205344
729.0, 0.6508020608128462
730.0, 0.6607958765450002
731.0, 0.6707892720321154
732.0, 0.6807822261220232
733.0, 0.6907747169880227
734.0, 0.7007667221219044
735.0, 0.7107582183272486
736.0, 0.7207491817129902
737.0, 0.7307395876872559
738.0, 0.7407294109514735
739.0, 0.7507186254947505
740.0, 0.7607072045885355
741.0, 0.7706951207815382
742.0, 0.7806823458949361
743.0, 0.7906688510178493
744.0, 0.800654606503083
745.0, 0.8106395819631507
746.0, 0.8206237462665643
747.0, 0.8306070675343936
748.0, 0.840589513137102
749.0, 0.8505710496916432
750.0, 0.8605516430588285
751.0, 0.8705312583409622
752.0, 0.8805098598797376
753.0, 0.8904874112543982
754.0, 0.9004638752801594
755.0, 0.9104392140068912
756.0, 0.920413388718051
757.0, 0.9303863599298821
758.0, 0.9403580873908568
759.0, 0.9503285300813756
760.0, 0.9602976462137077
761.0, 0.9702653932321872
762.0, 0.9802317278136446
763.0, 0.9901966058680811
764.0, 1.000159982539585
765.0, 1.0101218122074762
766.0, 1.0200820484876885
767.0, 1.0300406442343817
768.0, 1.0399975515417792
769.0, 1.049952721746226
770.0, 1.059906105428474
771.0, 1.0698576524161805
772.0, 1.0798073117866225
773.0, 1.0897550318696214
774.0, 1.0997007602506783
775.0, 1.1096444437743138
776.0, 1.119586028547607
777.0, 1.1295254599439317
778.0, 1.1394626826068979
779.0, 1.1493976404544708
780.0, 1.1593302766832911
781.0, 1.1692605337731687
782.0, 1.1791883534917673
783.0, 1.189113676899462
784.0, 1.1990364443543744
785.0, 1.2089565955175772
786.0, 1.2188740693584683
787.0, 1.2287888041603072
788.0, 1.2387007375259145
789.0, 1.2486098063835251
790.0, 1.2585159469928018
791.0, 1.2684190949509953
792.0, 1.2783191851992475
793.0, 1.2882161520290487
794.0, 1.2981099290888256
795.0, 1.3080004493906696
796.0, 1.317887645317196
797.0, 1.3277714486285408
798.0, 1.3376517904694691
799.0, 1.3475286013766252
800.0, 1.3574018112858868
801.0, 1.3672713495398408
802.0, 1.3771371448953742
803.0, 1.3869991255313716
804.0, 1.3968572190565205
805.0, 1.4067113525172168
806.0, 1.4165614524055727
807.0, 1.42640744466752
808.0, 1.436249254711004
809.0, 1.4460868074142732
810.0, 1.455920027134246
811.0, 1.4657488377149719
812.0, 1.4755731624961619
813.0, 1.4853929243218045
814.0, 1.4952080455488546
815.0, 1.505018448055984
816.0, 1.514824053252413
817.0, 1.5246247820867984
818.0, 1.5344205550561858
819.0, 1.5442112922150177
820.0, 1.5539969131842055
821.0, 1.5637773371602441
822.0, 1.5735524829243832
823.0, 1.5833222688518438
824.0, 1.5930866129210826
825.0, 1.602845432723088
826.0, 1.6125986454707288
827.0, 1.6223461680081293
828.0, 1.6320879168200808
829.0, 1.6418238080414806
830.0, 1.6515537574668087
831.0, 1.6612776805596206
832.0, 1.6709954924620656
833.0, 1.6807071080044256
834.0, 1.6904124417146766
835.0, 1.700111407828058
836.0, 1.7098039202966608
837.0, 1.7194898927990252
838.0, 1.7291692387497446
839.0, 1.7388418713090765
840.0, 1.7485077033925627
841.0, 1.7581666476806408
842.0, 1.7678186166282641
843.0, 1.7774635224745152
844.0, 1.7871012772522106
845.0, 1.7967317927975097
846.0, 1.8063549807595014
847.0, 1.815970752609788
848.0, 1.82557901965205
849.0, 1.835179693031608
850.0, 1.844772683744946
851.0, 1.85435790264924
852.0, 1.8639352604718484
853.0, 1.8735046678197849
854.0, 1.8830660351891697
855.0, 1.8926192729746536
856.0, 1.9021642914788095
857.0, 1.9117010009214992
858.0, 1.9212293114492085
859.0, 1.9307491331443452
860.0, 1.9402603760345063
861.0, 1.9497629501017126
862.0, 1.9592567652915966
863.0, 1.9687417315225517
864.0, 1.9782177586948597
865.0, 1.9876847566997435
866.0, 1.997142635428407
867.0, 2.0065913047810136
868.0, 2.0160306746756227
869.0, 2.025460655057076
870.0, 2.0348811559058433
871.0, 2.044292087246805
872.0, 2.0536933591579998
873.0, 2.063084881779303
874.0, 2.0724665653210645
875.0, 2.0818383200726838
876.0, 2.0912000564111373
877.0, 2.1005516848094357
878.0, 2.1098931158450425
879.0, 2.1192242602082128
880.0, 2.1285450261270915
881.0, 1.9872077540161905
882.0, 1.8552142717724593
883.0, 1.7321251849064518
884.0, 1.6175032200374995
885.0, 1.5109164950370848
886.0, 1.4119411774704864
887.0, 1.3201636152240148
888.0, 1.2351820130633497
889.0, 1.1566077198696258
890.0, 1.0840661833209684
891.0, 1.0171976217178968
892.0, 0.9556574563927821
893.0, 0.8991165426079104
894.0, 0.8472612319547204
895.0, 0.7997932949475041
896.0, 0.7564297286952659
897.0, 0.7169024711787487
898.0, 0.6809580407054794
899.0, 0.6483571165188383
900.0, 0.6188740742574097
901.0, 0.5922964879621543
902.0, 0.5684246085793403
903.0, 0.5470708273779563
904.0, 0.5280591313661329
905.0, 0.5112245566291955
906.0, 0.49641264450216943
907.0, 0.48347890461395143
908.0, 0.4722882880829035
909.0, 0.4627146734902483
910.0, 0.4546403676956231
911.0, 0.44795562307746617
912.0, 0.4425581723695245
913.0, 0.4383527819150044
914.0, 0.4352508238639185
915.0, 0.43316986759020204
916.0, 0.43203329039704846
917.0, 0.43176990740632354
918.0, 0.43231362038616955
919.0, 0.43360308515573015
920.0, 0.43558139711385374
921.0, 0.4381957943661629
922.0, 0.44139737786951067
923.0, 0.44514084797180864
924.0, 0.4493842566965646
925.0, 0.45408877510315315
926.0, 0.4592184750443222
927.0, 0.46474012464022424
928.0, 0.4706229967920682
929.0, 0.47683869006733004
930.0, 0.48336096130130085
931.0, 0.4901655692758217
932.0, 0.4972301288547105
933.0, 0.5045339749759181
934.0, 0.5120580359224471
935.0, 0.5197847153170884
936.0, 0.5276977823096358
937.0, 0.5357822694492089
938.0, 0.5440243777583341
939.0, 0.5524113885493432
940.0, 0.5609315815472085
941.0, 0.5709283336975859
942.0, 0.5809248268031834
943.0, 0.590921045420925
944.0, 0.600916973507649
945.0, 0.6109125944108075
946.0, 0.6209078908594194
947.0, 0.6309028449552714
948.0, 0.6408974381643697
949.0, 0.6508916513086487
950.0, 0.6608854645579488
951.0, 0.6708788574222337
952.0, 0.6808718087440956
953.0, 0.6908642966915151
954.0, 0.7008562987508844
955.0, 0.7108477917203091
956.0, 0.7208387517031745
957.0, 0.730829154101985
958.0, 0.7408189736124752
959.0, 0.7508081842179918
960.0, 0.7607967591841555
961.0, 0.770784671053784
962.0, 0.7807718916421026
963.0, 0.7907583920322171
964.0, 0.8007441425708623
965.0, 0.810729112864427
966.0, 0.8207132717752437
967.0, 0.8306965874181537
968.0, 0.8406790271573441
969.0, 0.8506605576034443
970.0, 0.8606411446109008
971.0, 0.8706207532756085
972.0, 0.8805993479328148
973.0, 0.8905768921552802
974.0, 0.9005533487517017
975.0, 0.9105286797654
976.0, 0.9205028464732535
977.0, 0.9304758093848996
978.0, 0.940447528242178
979.0, 0.9504179620188349
980.0, 0.960387068920466
981.0, 0.970354806384712
982.0, 0.9803211310816939
983.0, 0.9902859989146914
984.0, 1.0002493650210584
985.0, 1.010211183773372
986.0, 1.0201714087808162
987.0, 1.0301299928907957
988.0, 1.040086888190777
989.0, 1.0500420460103463
990.0, 1.0599954169235
991.0, 1.0699469507511428
992.0, 1.0798965965638048
993.0, 1.0898443026845688
994.0, 1.0997900166922077
995.0, 1.1097336854245252
996.0, 1.1196752549818985
997.0, 1.1296146707310142
998.0, 1.1395518773088131
999.0, 1.1494868186266123
1000.0, 1.159419437874426
1001.0, 1.1693496775254595
1002.0, 1.1792774793407999
1003.0, 1.1892027843742705
1004.0, 1.1991255329774737
1005.0, 1.20904566480499
1006.0, 1.2189631188197603
1007.0, 1.2288778332986203
1008.0, 1.2387897458380033
1009.0, 1.248698793359795
1010.0, 1.258604912117347
1011.0, 1.2685080377016411
1012.0, 1.2784081050475926
1013.0, 1.2883050484405083
1014.0, 1.298198801522677
1015.0, 1.308089297300101
1016.0, 1.3179764681493524
1017.0, 1.3278602458245765
1018.0, 1.3377405614645972
1019.0, 1.34761734560017
1020.0, 1.35749052816134
1021.0, 1.367360038484914
1022.0, 1.377225805322057
1023.0, 1.3870877568459894
1024.0, 1.3969458206597931
1025.0, 1.4067999238043187
1026.0, 1.416649992766193
1027.0, 1.4264959534859285
1028.0, 1.4363377313661116
1029.0, 1.4461752512796962
1030.0, 1.4560084375783766
1031.0, 1.4658372141010358
1032.0, 1.4756615041822958
1033.0, 1.485481230661119
1034.0, 1.495296315889503
1035.0, 1.5051066817412366
1036.0, 1.5149122496207255
1037.0, 1.5247129404718847
1038.0, 1.5345086747870904
1039.0, 1.5442993726161907
1040.0, 1.5540849535755754
1041.0, 1.5638653368572928
1042.0, 1.5736404412382243
1043.0, 1.5834101850892954
1044.0, 1.5931744863847472
1045.0, 1.6029332627114306
1046.0, 1.6126864312781508
1047.0, 1.6224339089250526
1048.0, 1.6321756121330238
1049.0, 1.6419114570331403
1050.0, 1.651641359416139
1051.0, 1.6613652347419134
1052.0, 1.6710829981490334
1053.0, 1.6807945644642825
1054.0, 1.6904998482122209
1055.0, 1.700198763624752
1056.0, 1.7098912246507174
1057.0, 1.7195771449654875
1058.0, 1.7292564379805695
1059.0, 1.7389290168532217
1060.0, 1.748594794496066
1061.0, 1.758253683586708
1062.0, 1.7679055965773502
1063.0, 1.7775504457044091
1064.0, 1.7871881429981236
1065.0, 1.7968186002921536
1066.0, 1.8064417292331776
1067.0, 1.8160574412904709
1068.0, 1.8256656477654734
1069.0, 1.8352662598013478
1070.0, 1.844859188392508
1071.0, 1.8544443443941419
1072.0, 1.8640216385317052
1073.0, 1.8735909814103962
1074.0, 1.8831522835246024
1075.0, 1.8927054552673277
1076.0, 1.902250406939582
1077.0, 1.9117870487597495
1078.0, 1.921315290872921
1079.0, 1.9308350433601964
1080.0, 1.9403462162479492
1081.0, 1.9498487195170568
1082.0, 1.959342463112094
1083.0, 1.9688273569504848
1084.0, 1.9783033109316162
1085.0, 1.9877702349459054
1086.0, 1.9972280388838333
1087.0, 2.006676632644921
1088.0, 2.0161159261466683
1089.0, 2.0255458293334403
1090.0, 2.0349662521853116
1091.0, 2.044377104726848
1092.0, 2.053778297035856
1093.0, 2.0631697392520567
1094.0, 2.07255134158573
1095.0, 2.0819230143262835
1096.0, 2.0912846678507804
1097.0, 2.100636212632398
1098.0, 2.1099775592488466
1099.0, 2.1193086183907033
1100.0, 2.128629298286415
1101.0, 1.9872864279720237
1102.0, 1.8552877254854843
1103.0, 1.7321937757763717
1104.0, 1.6175672853331633
1105.0, 1.5109763524363098
1106.0, 1.4119971256843349
1107.0, 1.320215934684135
1108.0, 1.2352309666543329
1109.0, 1.1566535536912297
1110.0, 1.0841091274675663
1111.0, 1.0172378910646596
1112.0, 0.9556952513799987
1113.0, 0.8991520500164177
1114.0, 0.8472946256668107
1115.0, 0.7998247366888428
1116.0, 0.7564593687543539
1117.0, 0.7169304491013091
1118.0, 0.6809844859618709
1119.0, 0.6483821491431966
1120.0, 0.61889780545772
1121.0, 0.5923190207008793
1122.0, 0.5684460381245803
1123.0, 0.5470912418253826
1124.0, 0.5280786121321798
1125.0, 0.5112431789161758
1126.0, 0.4964304777361078
1127.0, 0.48349601285605165
1128.0, 0.4723047304156402
1129.0, 0.4627305043791281
1130.0, 0.45465563732769854
1131.0, 0.4479703776777026
1132.0, 0.44257245449612787
1133.0, 0.43836663073480875
1134.0, 0.4352642754089186
1135.0, 0.43318295499629383
1136.0, 0.43204604412600844
1137.0, 0.43178235545203375
1138.0, 0.43232578846604364
1139.0, 0.4336149968882763
1140.0, 0.43559307418325083
1141.0, 0.43820725667470195
1142.0, 0.4414086436786992
1143.0, 0.44515193403290165
1144.0, 0.4493951783712443
1145.0, 0.4540995464750346
1146.0, 0.4592291090219282
1147.0, 0.4647506330520341
1148.0, 0.4706333904742041
1149.0, 0.47684897894441536
1150.0, 0.4833711544609856
1151.0, 0.49017567503744314
1152.0, 0.497240154832524
1153.0, 0.5045439281373011
1154.0, 0.512067922641457
1155.0, 0.5197945414237283
1156.0, 0.5277075531351506
1157.0, 0.5357919898677233
1158.0, 0.544034052225109
1159.0, 0.5524210211359187
1160.0, 0.560941175973672
1161.0, 0.5709379279585364
1162.0, 0.5809344208882592
1163.0, 0.5909306393192907
1164.0, 0.6009265672079838
1165.0, 0.6109221879012952
1166.0, 0.62091748412774
1167.0, 0.6309124379885902
1168.0, 0.6409070309493273
1169.0, 0.6509012438313524
1170.0, 0.6608950568039619
1171.0, 0.6708884493765678
1172.0, 0.6808814003912028
1173.0, 0.6908738880152764
1174.0, 0.7008658897346032
1175.0, 0.7108573823467028
1176.0, 0.720848341954366
1177.0, 0.7308387439594957
1178.0, 0.7408285630572164
1179.0, 0.750817773230258
1180.0, 0.7608063477436174
1181.0, 0.770794259139482
1182.0, 0.7807814792324385
1183.0, 0.7907679791049494
1184.0, 0.8007537291030997
1185.0, 0.8107386988326216
1186.0, 0.8207228571551872
1187.0, 0.8307061721849707
1188.0, 0.8406886112854856
1189.0, 0.8506701410666861
1190.0, 0.860650727382336
1191.0, 0.8706303353276441
1192.0, 0.8806089292371685
1193.0, 0.890586472682974
1194.0, 0.9005629284730612
1195.0, 0.9105382586500488
1196.0, 0.9205124244901103
1197.0, 0.9304853865021769
1198.0, 0.9404571044273773
1199.0, 0.9504275372387458
1200.0, 0.9603966431411629
1201.0, 0.9703643795715531
1202.0, 0.9803307031993187
1203.0, 0.9902955699270201
1204.0, 1.00025893489129
1205.0, 1.0102207524639835
1206.0, 1.0201809762535612
1207.0, 1.0301395591067064
1208.0, 1.0400964531101597
1209.0, 1.0500516095927848
1210.0, 1.060004979127856
1211.0, 1.0699565115355525
1212.0, 1.0799061558856844
1213.0, 1.0898538605006118
1214.0, 1.099799572958387
1215.0, 1.1097432400960954
1216.0, 1.119684808013395
1217.0, 1.1296242220762573
1218.0, 1.1395614269209102
1219.0, 1.1494963664579585
1220.0, 1.1594289838767051
1221.0, 1.16935922164965
1222.0, 1.1792870215371756
1223.0, 1.189212324592404
1224.0, 1.1991350711662394
1225.0, 1.2090552009125668
1226.0, 1.218972652793636
1227.0, 1.2288873650855952
1228.0, 1.2387992753841934
1229.0, 1.2487083206106364
1230.0, 1.2586144370176013
1231.0, 1.2685175601953973
1232.0, 1.278417625078273
1233.0, 1.2883145659508741
1234.0, 1.2982083164548321
1235.0, 1.3080988095954962
1236.0, 1.3179859777487941
1237.0, 1.3278697526682264
1238.0, 1.3377500654919825
1239.0, 1.3476268467501884
1240.0, 1.357500026372262
1241.0, 1.367369533694394
1242.0, 1.3772352974671358
1243.0, 1.3870972458631008
1244.0, 1.3969553064847717
1245.0, 1.4068094063724044
1246.0, 1.4166594720120402
1247.0, 1.4265054293436084
1248.0, 1.4363472037691245
1249.0, 1.4461847201609745
1250.0, 1.4560179028702913
1251.0, 1.4658466757354085
1252.0, 1.4756709620904016
1253.0, 1.4854906847736942
1254.0, 1.4953057661367544
1255.0, 1.5051161280528471
1256.0, 1.5149216919258632
1257.0, 1.5247223786992097
1258.0, 1.534518108864763
1259.0, 1.5443088024718794
1260.0, 1.5540943791364648
1261.0, 1.5638747580500914
1262.0, 1.5736498579891725
1263.0, 1.5834195973241747
1264.0, 1.5931838940288872
1265.0, 1.6029426656897159
1266.0, 1.612695829515035
1267.0, 1.6224433023445612
1268.0, 1.6321850006587628
1269.0, 1.6419208405883092
1270.0, 1.6516507379235355
1271.0, 1.6613746081239442
1272.0, 1.6710923663277204
1273.0, 1.6808039273612736
1274.0, 1.6905092057487987
1275.0, 1.7002081157218414
1276.0, 1.7099005712288957
1277.0, 1.7195864859449932
1278.0, 1.7292657732813106
1279.0, 1.7389383463947843
1280.0, 1.7486041181977257
1281.0, 1.758263001367434
1282.0, 1.7679149083558199
1283.0, 1.7775597513990136
1284.0, 1.787197442526977
1285.0, 1.7968278935731044
1286.0, 1.8064510161838159
1287.0, 1.8160667218281368
1288.0, 1.8256749218072685
1289.0, 1.835275527264141
1290.0, 1.8448684491929481
1291.0, 1.8544535984486636
1292.0, 1.8640308857565404
1293.0, 1.8736002217215828
1294.0, 1.883161516837993
1295.0, 1.8927146814985962
1296.0, 1.9022596260042397
1297.0, 1.9117962605731442
1298.0, 1.9213244953502555
1299.0, 1.930844240416532
1300.0, 1.9403554057982153
1301.0, 1.9498579014760615
1302.0, 1.9593516373945328
1303.0, 1.968836523470947
1304.0, 1.9783124696045993
1305.0, 1.987779385685817
1306.0, 1.9972371816050063
1307.0, 2.006685767261618
1308.0, 2.0161250525730936
1309.0, 2.0255549474837458
1310.0, 2.034975361973607
1311.0, 2.044386206067211
1312.0, 2.0537873898423364
1313.0, 2.063178823438691
1314.0, 2.072560417066548
1315.0, 2.081932081015312
1316.0, 2.0912937256620587
1317.0, 2.1006452614799827
1318.0, 2.10998659904682
1319.0, 2.1193176490531833
1320.0, 2.128638319727551
1321.0, 1.987294850118337
1322.0, 1.8552955887983613
1323.0, 1.732201118516036
1324.0, 1.6175741436047275
1325.0, 1.5109827602475725
1326.0, 1.4120031150126204
1327.0, 1.320221535549882
1328.0, 1.2352362071995
1329.0, 1.1566584602609007
1330.0, 1.0841137246933932
1331.0, 1.0172422019490361
1332.0, 0.9556992973800218
1333.0, 0.8991558511269072
1334.0, 0.847298200501768
1335.0, 0.7998281025608769
1336.0, 0.7564625417517038
1337.0, 0.7169334441621834
1338.0, 0.6809873169458968
1339.0, 0.6483848288998417
1340.0, 0.6189003458916045
1341.0, 0.5923214328339351
1342.0, 0.5684483321550533
1343.0, 0.5470934271837078
1344.0, 0.5280806975337802
1345.0, 0.511245172411253
1346.0, 0.49643238675651374
1347.0, 0.48349784425933745
1348.0, 0.47230649052638773
1349.0, 0.462732199027677
1350.0, 0.45465727188638516
1351.0, 0.4479719570947272
1352.0, 0.4425739833271702
1353.0, 0.4383681131725081
1354.0, 0.43526571531033587
1355.0, 0.43318435590846904
1356.0, 0.43204740930972385
1357.0, 0.43178368790388955
1358.0, 0.432327090938951
1359.0, 0.4336162719104646
1360.0, 0.435594324075886
1361.0, 0.4382084835682045
1362.0, 0.4414098495278503
1363.0, 0.44515312063081575
1364.0, 0.4493963473622874
1365.0, 0.454100699366761
1366.0, 0.4592302471961047
1367.0, 0.464751757774813
1368.0, 0.47063450290551156
1369.0, 0.4768500801466054
1370.0, 0.48337224540681917
1371.0, 0.4901767566174379
1372.0, 0.49724122786172203
1373.0, 0.5045449933615003
1374.0, 0.5120689807429445
1375.0, 0.5197955930265528
1376.0, 0.5277085988099729
1377.0, 0.5357930301362719
1378.0, 0.5440350875642767
1379.0, 0.5524220519815233
1380.0, 0.5609422027239112
1381.0, 0.5709389546802197
1382.0, 0.5809354475802774
1383.0, 0.5909316659804834
1384.0, 0.6009275938371395
1385.0, 0.6109232144971494
1386.0, 0.6209185106889736
1387.0, 0.6309134645138292
1388.0, 0.6409080574371414
1389.0, 0.6509022702802544
1390.0, 0.6608960832124062
1391.0, 0.6708894757429507
1392.0, 0.6808824267138591
1393.0, 0.6908749142924807
1394.0, 0.7008669159645685
1395.0, 0.7108584085275791
1396.0, 0.7208493680842397
1397.0, 0.7308397700363884
1398.0, 0.7408295890790848
1399.0, 0.750818799194993
1400.0, 0.7608073736490426
1401.0, 0.7707952849833539
1402.0, 0.780782505012445
1403.0, 0.79076900481871
1404.0, 0.8007547547481636
1405.0, 0.8107397244064685
1406.0, 0.8207238826552257
1407.0, 0.8307071976085378
1408.0, 0.840689636629847
1409.0, 0.8506711663290346
1410.0, 0.8606517525597908
1411.0, 0.8706313604172526
1412.0, 0.8806099542359029
1413.0, 0.8905874975877326
1414.0, 0.9005639532806675
1415.0, 0.9105392833572511
1416.0, 0.9205134490935829
1417.0, 0.9304864109985161
1418.0, 0.9404581288131054
1419.0, 0.9504285615103076
1420.0, 0.9603976672949275
1421.0, 0.9703654036038121
1422.0, 0.9803317271062878
1423.0, 0.9902965937048369
1424.0, 1.000259958536016
1425.0, 1.0102217759716021
1426.0, 1.0201819996199792
1427.0, 1.0301405823277523
1428.0, 1.0400974761815853
1429.0, 1.0500526325102648
1430.0, 1.0600060018869863
1431.0, 1.069957534131854
1432.0, 1.0799071783145977
1433.0, 1.0898548827575019
1434.0, 1.099800595038542
1435.0, 1.1097442619947266
1436.0, 1.1196858297256365
1437.0, 1.1296252435971663
1438.0, 1.1395624482454683
1439.0, 1.1494973875810697
1440.0, 1.1594300047931991
1441.0, 1.16936024235428
1442.0, 1.1792880420246197
1443.0, 1.1892133448572648
1444.0, 1.1991360912030453
1445.0, 1.2090562207157722
1446.0, 1.2189736723576203
1447.0, 1.2288883844046654
1448.0, 1.2388002944525824
1449.0, 1.2487093394225046
1450.0, 1.2586154555670368
1451.0, 1.268518578476417
1452.0, 1.278418643084822
1453.0, 1.2883155836768254
1454.0, 1.2982093338939917
1455.0, 1.3080998267415977
1456.0, 1.3179869945955016
1457.0, 1.3278707692091372
1458.0, 1.3377510817206248
1459.0, 1.3476278626600229
1460.0, 1.3575010419566838
1461.0, 1.36737054894673
1462.0, 1.3772363123806486
1463.0, 1.3870982604309892
1464.0, 1.3969563207001676
1465.0, 1.406810420228378
1466.0, 1.416660485501599
1467.0, 1.4265064424596974
1468.0, 1.4363482165046275
1469.0, 1.446185732508715
1470.0, 1.4560189148230318
1471.0, 1.4658476872858535
1472.0, 1.475671973231197
1473.0, 1.4854916954974275
1474.0, 1.4953067764359584
1475.0, 1.5051171379199975
1476.0, 1.5149227013533801
1477.0, 1.5247233876794586
1478.0, 1.534519117390058
1479.0, 1.544309810534481
1480.0, 1.554095386728581
1481.0, 1.56387576516388
1482.0, 1.5736508646167409
1483.0, 1.5834206034575817
1484.0, 1.5931848996601428
1485.0, 1.6029436708107838
1486.0, 1.612696834117831
1487.0, 1.6224443064209555
1488.0, 1.6321860042005836
1489.0, 1.6419218435873375
1490.0, 1.6516517403715112
1491.0, 1.6613756100125654
1492.0, 1.6710933676486437
1493.0, 1.6808049281061164
1494.0, 1.6905102059091386
1495.0, 1.7002091152892178
1496.0, 1.7099015701948117
1497.0, 1.7195874843009147
1498.0, 1.729266771018669
1499.0, 1.7389393435049763
1500.0, 1.748605114672114
1501.0, 1.7582639971973506
1502.0, 1.7679159035325636
1503.0, 1.7775607459138543
1504.0, 1.7871984363711533
1505.0, 1.7968288867378281
1506.0, 1.8064520086602696
1507.0, 1.816067713607479
1508.0, 1.8256759128806286
1509.0, 1.8352765176226271
1510.0, 1.844869438827643
1511.0, 1.8544545873506286
1512.0, 1.8640318739168136
1513.0, 1.8736012091311822
1514.0, 1.8831625034879163
1515.0, 1.8927156673798242
1516.0, 1.9022606111077327
1517.0, 1.911797244889848
1518.0, 1.9213254788710983
1519.0, 1.9308452231324285
1520.0, 1.9403563877000656
1521.0, 1.949858882554752
1522.0, 1.959352617640939
1523.0, 1.968837502875933
1524.0, 1.9783134481590194
1525.0, 1.9877803633805162
1526.0, 1.9972381584308205
1527.0, 2.0066867432093773
1528.0, 2.016126027633621
1529.0, 2.025555921647858
1530.0, 2.034976335232119
1531.0, 2.044387178410931
1532.0, 2.053788361262073
1533.0, 2.0631797939252507
1534.0, 2.0725613866107326
1535.0, 2.0819330496079282
1536.0, 2.0912946932939134
1537.0, 2.100646228141884
1538.0, 2.109987564729579
1539.0, 2.119318613747613
1540.0, 2.128639283424472
1541.0, 1.9872957497967527
1542.0, 1.8552964287806948
1543.0, 1.7322019028894913
1544.0, 1.617574876226214
1545.0, 1.5109834447498918
1546.0, 1.4120037548116127
1547.0, 1.3202221338522937
1548.0, 1.2352367670113698
1549.0, 1.15665898439628
1550.0, 1.084114215783269
1551.0, 1.0172426624503252
1552.0, 0.9556997295845454
1553.0, 0.8991562571702677
1554.0, 0.847298582372048
1555.0, 0.7998284621071323
1556.0, 0.7564628806921946
1557.0, 0.7169337640923146
1558.0, 0.6809876193458556
1559.0, 0.6483851151419084
1560.0, 0.6189006172471307
1561.0, 0.5923216904799857
1562.0, 0.5684485771807104
1563.0, 0.5470936605960406
1564.0, 0.5280809202634863
1565.0, 0.5112453853179778
1566.0, 0.49643259063385786
1567.0, 0.48349803983956263
1568.0, 0.4723066784848325
1569.0, 0.4627323799868942
1570.0, 0.454657446420012
1571.0, 0.44797212573110473
1572.0, 0.4425741465527193
1573.0, 0.43836827143487883
1574.0, 0.4352658690213416
1575.0, 0.4331845054468153
1576.0, 0.4320475550235473
1577.0, 0.431783830113116
1578.0, 0.4323272299374836
1579.0, 0.433616407968215
1580.0, 0.4355944574406543
1581.0, 0.4382086144674244
1582.0, 0.44140997817020045
1583.0, 0.4451532472077133
1584.0, 0.4493964720492672
1585.0, 0.45410082232475013
1586.0, 0.4592303685726001
1587.0, 0.46475187770496756
1588.0, 0.4706346215131372
1589.0, 0.4768501975450968
1590.0, 0.48337236170000636
1591.0, 0.4901768719003702
1592.0, 0.49724134222139127
1593.0, 0.5045451068775062
1594.0, 0.5120690934881065
1595.0, 0.5197957050674742
1596.0, 0.5277087102075568
1597.0, 0.5357931409461991
1598.0, 0.544035197837441
1599.0, 0.5524221617644346
1600.0, 0.5609423120590632
1601.0, 0.5709390640014811
1602.0, 0.5809355568875295
1603.0, 0.5909317752736026
1604.0, 0.6009277031159962
1605.0, 0.6109233237616082
1606.0, 0.6209186199388941
1607.0, 0.6309135737490644
1608.0, 0.6409081666575388
1609.0, 0.6509023794856545
1610.0, 0.6608961924026445
1611.0, 0.6708895849178558
1612.0, 0.6808825358732532
1613.0, 0.6908750234361799
1614.0, 0.7008670250923814
1615.0, 0.7108585176393083
1616.0, 0.7208494771796807
1617.0, 0.7308398791153304
1618.0, 0.7408296981413094
1619.0, 0.7508189082402749
1620.0, 0.7608074826771499
1621.0, 0.7707953939940466
1622.0, 0.7807826140054764
1623.0, 0.7907691137938261
1624.0, 0.800754863705103
1625.0, 0.8107398333449616
1626.0, 0.820723991574996
1627.0, 0.8307073065093015
1628.0, 0.840689745511312
1629.0, 0.8506712751909015
1630.0, 0.860651861401752
1631.0, 0.8706314692389931
1632.0, 0.880610063037099
1633.0, 0.8905876063680542
1634.0, 0.9005640620397751
1635.0, 0.9105393920947981
1636.0, 0.9205135578092137
1637.0, 0.9304865196918681
1638.0, 0.9404582374838074
1639.0, 0.9504286701579804
1640.0, 0.9603977759191836
1641.0, 0.9703655122042564
1642.0, 0.9803318356825158
1643.0, 0.9902967022564375
1644.0, 1.0002600670625683
1645.0, 1.0102218844726782
1646.0, 1.0201821080951425
1647.0, 1.0301406907765578
1648.0, 1.0400975846035805
1649.0, 1.0500527409049871
1650.0, 1.0600061102539673
1651.0, 1.069957642470615
1652.0, 1.0799072866246529
1653.0, 1.0898549910383577
1654.0, 1.0998007032896957
1655.0, 1.109744370215667
1656.0, 1.1196859379158453
1657.0, 1.1296253517561174
1658.0, 1.1395625563726253
1659.0, 1.1494974956758903
1660.0, 1.159430112855132
1661.0, 1.1693603503827663
1662.0, 1.1792881500190913
1663.0, 1.189213452817147
1664.0, 1.1991361991277552
1665.0, 1.2090563286047185
1666.0, 1.2189737802102043
1667.0, 1.2288884922202798
1668.0, 1.2388004022306132
1669.0, 1.24870944716233
1670.0, 1.2586155632680267
1671.0, 1.268518686137933
1672.0, 1.2784187507062197
1673.0, 1.2883156912574538
1674.0, 1.2982094414331893
1675.0, 1.3080999342386963
1676.0, 1.3179871020498275
1677.0, 1.327870876620008
1678.0, 1.337751189087352
1679.0, 1.3476279699819096
1680.0, 1.3575011492330262
1681.0, 1.3673706561768186
1682.0, 1.3772364195637656
1683.0, 1.3870983675664095
1684.0, 1.3969564277871616
1685.0, 1.4068105272662068
1686.0, 1.4166605924895193
1687.0, 1.4265065493969569
1688.0, 1.4363483233904693
1689.0, 1.4461858393423757
1690.0, 1.4560190216037407
1691.0, 1.4658477940128347
1692.0, 1.4756720799036664
1693.0, 1.4854918021145984
1694.0, 1.4953068829970342
1695.0, 1.5051172444241787
1696.0, 1.5149228077998604
1697.0, 1.5247234940674266
1698.0, 1.534519223718695
1699.0, 1.544309916802963
1700.0, 1.5540954929360797
1701.0, 1.5638758713095615
1702.0, 1.5736509706997663
1703.0, 1.5834207094771056
1704.0, 1.5931850056153154
1705.0, 1.6029437767007513
1706.0, 1.6126969399417344
1707.0, 1.6224444121779296
1708.0, 1.6321861098897592
1709.0, 1.6419219492078412
1710.0, 1.6516518459224658
1711.0, 1.6613757154930877
1712.0, 1.6710934730578466
1713.0, 1.6808050334431102
1714.0, 1.6905103111730273
1715.0, 1.7002092204791033
1716.0, 1.70990167530979
1717.0, 1.7195875893400792
1718.0, 1.7292668759811096
1719.0, 1.7389394483897795
1720.0, 1.748605219478362
1721.0, 1.7582641019241223
1722.0, 1.7679160081789353
1723.0, 1.777560850478898
1724.0, 1.7871985408539397
1725.0, 1.7968289911374233
1726.0, 1.8064521129757385
1727.0, 1.8160678178378813
1728.0, 1.825676017025024
1729.0, 1.8352766216800716
1730.0, 1.8448695427971895
1731.0, 1.8544546912313278
1732.0, 1.8640319777077152
1733.0, 1.8736013128313325
1734.0, 1.8831626070963603
1735.0, 1.8927157708956057
1736.0, 1.9022607145298913
1737.0, 1.9117973482174249
1738.0, 1.9213255821031294
1739.0, 1.930845326267951
1740.0, 1.9403564907381141
1741.0, 1.9498589854943613
1742.0, 1.9593527204811405
1743.0, 1.9688376056157584
1744.0, 1.9783135507974985
1745.0, 1.987780465916679
1746.0, 1.9972382608636952
1747.0, 2.0066868455379923
1748.0, 2.0161261298570032
1749.0, 2.0255560237650356
1750.0, 2.034976437242117
1751.0, 2.044387280312777
1752.0, 2.0537884630547927
1753.0, 2.063179895607869
1754.0, 2.072561488182277
1755.0, 2.0819331510674246
1756.0, 2.0912947946403873
1757.0, 2.100646329374362
1758.0, 2.109987665847089
1759.0, 2.119318714749184
1760.0, 2.128639384309131
1761.0, 1.9872958439795632
1762.0, 1.8552965167143707
1763.0, 1.7322019850020351
1764.0, 1.617574952921443
1765.0, 1.5109835164080938
1766.0, 1.4120038217903024
1767.0, 1.3202221964870446
1768.0, 1.2352368256167003
1769.0, 1.1566590392665723
1770.0, 1.0841142671937056
1771.0, 1.0172427106578428
1772.0, 0.9556997748287752
1773.0, 0.8991562996744684
1774.0, 0.8472986223440239
1775.0, 0.7998284997401236
1776.0, 0.7564629161657411
1777.0, 0.7169337975730935
1778.0, 0.6809876509884804
1779.0, 0.648385145089698
1780.0, 0.6189006456328405
1781.0, 0.5923217174265057
1782.0, 0.5684486028017259
1783.0, 0.5470936849966583
1784.0, 0.5280809435408264
1785.0, 0.5112454075617301
1786.0, 0.496432611926808
1787.0, 0.48349806025808517
1788.0, 0.47230669809935283
1789.0, 0.4627323988623218
1790.0, 0.45465746461614676
1791.0, 0.4479721433030143
1792.0, 0.44257416355109425
1793.0, 0.43836828790636134
1794.0, 0.4352658850088318
1795.0, 0.43318452098975835
1796.0, 0.43204757015819767
1797.0, 0.4317838448727848
1798.0, 0.4323272443527669
1799.0, 0.43361642206720585
1800.0, 0.4355944712491412
1801.0, 0.4382086280090709
1802.0, 0.4414099914667154
1803.0, 0.4451532602790059
1804.0, 0.4493964849135916
1805.0, 0.4541008349988388
1806.0, 0.45923038107178576
1807.0, 0.4647518900432979
1808.0, 0.47063463370347824
1809.0, 0.47685020959922997
1810.0, 0.4833723736287172
1811.0, 0.49017688371353046
1812.0, 0.49724135392803465
1813.0, 0.5045451184858967
1814.0, 0.5120691050058027
1815.0, 0.519795716501388
1816.0, 0.5277087215640085
1817.0, 0.5357931522309642
1818.0, 0.5440352090557986
1819.0, 0.5524221729212081
1820.0, 0.5609423231586587
1821.0, 0.5709390750887562
1822.0, 0.5809355679624718
1823.0, 0.5909317863361992
1824.0, 0.6009277141662338
1825.0, 0.6109233347994723
1826.0, 0.6209186309643698
1827.0, 0.6309135847621369
1828.0, 0.6409081776581914
1829.0, 0.6509023904738713
1830.0, 0.6608962033784085
1831.0, 0.6708895958811482
1832.0, 0.680882546824056
1833.0, 0.6908750343744737
1834.0, 0.7008670360181462
1835.0, 0.7108585285525237
1836.0, 0.7208494880803255
1837.0, 0.7308398900033823
1838.0, 0.7408297090167459
1839.0, 0.7508189191030723
1840.0, 0.7608074935272842
1841.0, 0.7707954048314927
1842.0, 0.7807826248302089
1843.0, 0.7907691246058179
1844.0, 0.8007548745043275
1845.0, 0.8107398441313909
1846.0, 0.8207240023486015
1847.0, 0.8307073172700531
1848.0, 0.8406897562591799
1849.0, 0.8506712859258542
1850.0, 0.8606518721237579
1851.0, 0.8706314799480193
1852.0, 0.8806100737331121
1853.0, 0.8905876170510196
1854.0, 0.9005640727096582
1855.0, 0.9105394027515629
1856.0, 0.9205135684528234
1857.0, 0.9304865303222851
1858.0, 0.9404582481009934
1859.0, 0.950428680761896
1860.0, 0.9603977865097885
1861.0, 0.9703655227815101
1862.0, 0.9803318462463765
1863.0, 0.9902967128068626
1864.0, 1.0002600775995147
1865.0, 1.0102218949961015
1866.0, 1.0201821186049977
1867.0, 1.0301407012727988
1868.0, 1.040097595086161
1869.0, 1.0500527513738596
1870.0, 1.0600061207090832
1871.0, 1.069957652911925
1872.0, 1.0799072970521078
1873.0, 1.089855001451906
1874.0, 1.0998007136892862
1875.0, 1.1097443806012466
1876.0, 1.1196859482873613
1877.0, 1.1296253621135153
1878.0, 1.1395625667158504
1879.0, 1.1494975060048869
1880.0, 1.159430123169843
1881.0, 1.1693603606831355
1882.0, 1.17928816030506
1883.0, 1.1892134630886566
1884.0, 1.1991362093847457
1885.0, 1.2090563388471292
1886.0, 1.2189737904379743
1887.0, 1.228888502433348
1888.0, 1.2388004124289151
1889.0, 1.248709457345803
1890.0, 1.258615573436606
1891.0, 1.2685186962915558
1892.0, 1.2784187608448183
1893.0, 1.2883157013809612
1894.0, 1.2982094515415383
1895.0, 1.3080999443318202
1896.0, 1.3179871121276574
1897.0, 1.3278708866824744
1898.0, 1.3377511991343844
1899.0, 1.3476279800134376
1900.0, 1.3575011592489785
1901.0, 1.367370666177123
1902.0, 1.3772364295483497
1903.0, 1.3870983775351993
1904.0, 1.396956437740083
1905.0, 1.4068105372031856
1906.0, 1.4166606024104793
1907.0, 1.4265065593018236
1908.0, 1.436348333279165
1909.0, 1.4461858492148225
1910.0, 1.4560190314598624
1911.0, 1.4658478038525522
1912.0, 1.4756720897269011
1913.0, 1.4854918119212703
1914.0, 1.4953068927870643
1915.0, 1.5051172541974855
1916.0, 1.5149228175563623
1917.0, 1.5247235038070426
1918.0, 1.5345192334413424
1919.0, 1.5443099265085596
1920.0, 1.5540955026245429
1921.0, 1.5638758809808064
1922.0, 1.5736509803537093
1923.0, 1.5834207191136622
1924.0, 1.5931850152344007
1925.0, 1.6029437863022793
1926.0, 1.612696949525619
1927.0, 1.6224444217440854
1928.0, 1.6321861194380984
1929.0, 1.6419219587382774
1930.0, 1.6516518554349098
1931.0, 1.6613757249874532
1932.0, 1.6710934825340453
1933.0, 1.6808050429010517
1934.0, 1.6905103206126242
1935.0, 1.7002092299002658
1936.0, 1.7099016847124289
1937.0, 1.719587598724104
1938.0, 1.7292668853464304
1939.0, 1.738939457736304
1940.0, 1.7486052288060008
1941.0, 1.7582641112327846
1942.0, 1.7679160174685293
1943.0, 1.777560859749332
1944.0, 1.7871985501051213
1945.0, 1.7968290003692615
1946.0, 1.8064521221881402
1947.0, 1.8160678270307542
1948.0, 1.8256760261982756
1949.0, 1.8352766308336088
1950.0, 1.844869551930919
1951.0, 1.8544547003451566
1952.0, 1.8640319868015505
1953.0, 1.8736013219050813
1954.0, 1.8831626161499284
1955.0, 1.892715779928899
1956.0, 1.902260723542816
1957.0, 1.9117973572098867
1958.0, 1.921325591075036
1959.0, 1.9308453352192072
1960.0, 1.940356499668627
1961.0, 1.9498589944040352
1962.0, 1.9593527293698823
1963.0, 1.968837614483474
1964.0, 1.9783135596440935
1965.0, 1.987780474742059
1966.0, 1.9972382696677666
1967.0, 2.00668685432066
1968.0, 2.016126138618175
1969.0, 2.0255560325046154
1970.0, 2.034976445960013
1971.0, 2.0443872890088928
1972.0, 2.0537884717290362
1973.0, 2.063179904260146
1974.0, 2.0725614968124946
1975.0, 2.0819331596754886
1976.0, 2.0912948032262038
1977.0, 2.100646337937839
1978.0, 2.1099876743881327
1979.0, 2.119318723267701
1980.0, 2.1286393928050282
1981.0, 1.9872958519110024
1982.0, 1.8552965241197024
1983.0, 1.7322019919174387
1984.0, 1.6175749593809834
1985.0, 1.5109835224437838
1986.0, 1.412003827432175
1987.0, 1.3202222017632337
1988.0, 1.235236830553519
1989.0, 1.156659043888598
1990.0, 1.084114271523868
1991.0, 1.0172427147175054
1992.0, 0.9556997786378245
1993.0, 0.8991563032513923
1994.0, 0.8472986257059959
1995.0, 0.799828502903081
1996.0, 0.7564629191444614
1997.0, 0.7169338003812664
1998.0, 0.680987653638779
1999.0, 0.6483851475938458
2000.0, 0.6189006480016739
2001.0, 0.5923217196700349
2002.0, 0.5684486049291917
2003.0, 0.547093687016587
2004.0, 0.5280809454610788
2005.0, 0.511245409389551
2006.0, 0.49643261366887054
2007.0, 0.48349806192053146
2008.0, 0.47230669968783495
2009.0, 0.4627324003820382
2010.0, 0.4546574660718756
2011.0, 0.4479721446991467
2012.0, 0.44257416489166285
2013.0, 0.43836828919506865
2014.0, 0.43526588624907603
2015.0, 0.43318452218465636
2016.0, 0.4320475713106085
2017.0, 0.43178384598532854
2018.0, 0.4323272454278457
2019.0, 0.4336164231070194
2020.0, 0.43559447225570436
2021.0, 0.4382086289842285
2022.0, 0.4414099924121553
2023.0, 0.44515326119627313
2024.0, 0.4493964858040989
2025.0, 0.4541008358638779
2026.0, 0.45923038191253795
2027.0, 0.46475189086084245
2028.0, 0.4706346344988014
2029.0, 0.4768502103732328
2030.0, 0.4833723743822223
2031.0, 0.4901768844472889
2032.0, 0.49724135464273184
2033.0, 0.5045451191821583
2034.0, 0.5120691056841996
2035.0, 0.519795717162441
2036.0, 0.5277087222081918
2037.0, 0.5357931528587109
2038.0, 0.5440352096675031
2039.0, 0.5524221735172296
2040.0, 0.5609423237393246
2041.0, 0.5709390756572699
2042.0, 0.5809355685188324
2043.0, 0.5909317868804057
2044.0, 0.6009277146982844
2045.0, 0.6109233353193664
2046.0, 0.6209186314721061
2047.0, 0.6309135852577138
2048.0, 0.6409081781416079
2049.0, 0.650902390945126
2050.0, 0.6608962038374999
2051.0, 0.6708895963280751
2052.0, 0.6808825472588168
2053.0, 0.6908750347970665
2054.0, 0.70086703642857
2055.0, 0.7108585289507762
2056.0, 0.7208494884664052
2057.0, 0.7308398903772874
2058.0, 0.7408297093784748
2059.0, 0.7508189194526232
2060.0, 0.7608074938646544
2061.0, 0.7707954051566814
2062.0, 0.7807826251432135
2063.0, 0.7907691249066368
2064.0, 0.800754874792958
2065.0, 0.8107398444078313
2066.0, 0.8207240026128493
2067.0, 0.8307073175221061
2068.0, 0.8406897564990359
2069.0, 0.8506712861535106
2070.0, 0.8606518723392128
2071.0, 0.8706314801512699
2072.0, 0.8806100739241562
2073.0, 0.8905876172298545
2074.0, 0.900564072876281
2075.0, 0.9105394029059715
2076.0, 0.9205135685950148
2077.0, 0.9304865304522567
2078.0, 0.9404582482187422
2079.0, 0.9504286808674195
2080.0, 0.9603977866030841
2081.0, 0.970365522862574
2082.0, 0.9803318463152065
2083.0, 0.9902967128634558
2084.0, 1.0002600776438673
2085.0, 1.0102218950282116
2086.0, 1.0201821186248612
2087.0, 1.0301407012804134
2088.0, 1.0400975950815226
2089.0, 1.0500527513569657
2090.0, 1.0600061206799298
2091.0, 1.06995765287051
2092.0, 1.079907296998427
2093.0, 1.0898550013859558
2094.0, 1.0998007136110641
2095.0, 1.1097443805107494
2096.0, 1.1196859481845844
2097.0, 1.129625361998456
2098.0, 1.139562566588505
2099.0, 1.1494975058652526
2100.0, 1.1594301230179156
2101.0, 1.1693603605189107
2102.0, 1.179288160128535
2103.0, 1.1892134628998285
2104.0, 1.1991362091836095
2105.0, 1.209056338633682
2106.0, 1.218973790212213
2107.0, 1.2288885021952676
2108.0, 1.2388004121785134
2109.0, 1.2487094570830752
2110.0, 1.258615573161549
2111.0, 1.2685186960041648
2112.0, 1.27841876054509
2113.0, 1.2883157010688935
2114.0, 1.2982094512171258
2115.0, 1.30809994399506
2116.0, 1.3179871117785447
2117.0, 1.3278708863210062
2118.0, 1.3377511987605568
2119.0, 1.347627979627247
2120.0, 1.3575011588504216
2121.0, 1.3673706657661946
2122.0, 1.3772364291250465
2123.0, 1.3870983770995189
2124.0, 1.3969564372920205
2125.0, 1.4068105367427375
2126.0, 1.4166606019376418
2127.0, 1.4265065588165933
2128.0, 1.4363483327815383
2129.0, 1.446185848704796
2130.0, 1.4560190309374317
2131.0, 1.4658478033177138
2132.0, 1.4756720891796526
2133.0, 1.4854918113616065
2134.0, 1.4953068922149828
2135.0, 1.5051172536129813
2136.0, 1.514922816959434
2137.0, 1.5247235031976847
2138.0, 1.534519232819553
2139.0, 1.5443099258743356
2140.0, 1.5540955019778795
2141.0, 1.5638758803217006
2142.0, 1.573650979682158
2143.0, 1.5834207184296623
2144.0, 1.5931850145379491
2145.0, 1.6029437855933728
2146.0, 1.6126969488042542
2147.0, 1.6224444210102587
2148.0, 1.6321861186918079
2149.0, 1.6419219579795192
2150.0, 1.6516518546636818
2151.0, 1.661375724203752
2152.0, 1.6710934817378684
2153.0, 1.6808050420923961
2154.0, 1.6905103197914868
2155.0, 1.7002092290666442
2156.0, 1.7099016838663204
2157.0, 1.7195875978655064
2158.0, 1.7292668844753405
2159.0, 1.7389394568527212
2160.0, 1.7486052279099211
2161.0, 1.7582641103242056
2162.0, 1.7679160165474488
2163.0, 1.7775608588157485
2164.0, 1.787198549159033
2165.0, 1.7968289994106659
2166.0, 1.8064521212170348
2167.0, 1.8160678260471383
2168.0, 1.825676025202146
2169.0, 1.8352766298249652
2170.0, 1.8448695509097592
2171.0, 1.854454699311479
2172.0, 1.8640319857553536
2173.0, 1.8736013208463627
2174.0, 1.883162615078688
2175.0, 1.8927157788451345
2176.0, 1.9022607224465284
2177.0, 1.9117973561010744
2178.0, 1.921325589953697
2179.0, 1.9308453340853415
2180.0, 1.9403564985222324
2181.0, 1.9498589932451118
2182.0, 1.9593527281984302
2183.0, 1.9688376132994916
2184.0, 1.9783135584475806
2185.0, 1.9877804735330162
2186.0, 1.997238268446193
2187.0, 2.006686853086556
2188.0, 2.0161261373715393
2189.0, 2.0255560312454497
2190.0, 2.0349764446883163
2191.0, 2.0443872877246676
2192.0, 2.05378847043228
2193.0, 2.0631799029508615
2194.0, 2.0725614954906812
2195.0, 2.081933158341147
2196.0, 2.0912948018793363
2197.0, 2.1006463365784454
2198.0, 2.1099876730162133
2199.0, 2.1193187218832583
2200.0, 2.128639391408064
