t,f
0.0, 0.0
1.0, 3.6088200819477226E-4
2.0, 0.0013802092765085178
3.0, 0.0029685941595047173
4.0, 0.005043968596966239
5.0, 0.007531355472219033
6.0, 0.010362583417416568
7.0, 0.013475961115650106
8.0, 0.01681592430111407
9.0, 0.02033266623580699
10.0, 0.023981760386491555
11.0, 0.027723782288130484
12.0, 0.031523936115796264
13.0, 0.035351690257786554
14.0, 0.039180425155041596
15.0, 0.0429870958169859
16.0, 0.04675191071663947
17.0, 0.050458028186377374
18.0, 0.05409127096138932
19.0, 0.05763985913439463
20.0, 0.06109416147849234
21.0, 0.0644464648531168
22.0, 0.0676907612205382
23.0, 0.07082255165825317
24.0, 0.07383866664836834
25.0, 0.07673710185210114
26.0, 0.0795168685302783
27.0, 0.08217785774443992
28.0, 0.08472071746384188
29.0, 0.0871467417078857
30.0, 0.08945777086841711
31.0, 0.09165610237952207
32.0, 0.09374441093189011
33.0, 0.09572567746282389
34.0, 0.0976031261901806
35.0, 0.09938016899777473
36.0, 0.1010603565201261
37.0, 0.10264733531515924
38.0, 0.10414481055393408
39.0, 0.10555651369623877
40.0, 0.10688617465955245
41.0, 0.1081374980261873
42.0, 0.10931414286916029
43.0, 0.11041970581137471
44.0, 0.1114577069649187
45.0, 0.11243157842767416
46.0, 0.11334465504293839
47.0, 0.1142001671544305
48.0, 0.11500123511389124
49.0, 0.11575086532155836
50.0, 0.11645194760115782
51.0, 0.11710725373077327
52.0, 0.11771943696911359
53.0, 0.11829103243337574
54.0, 0.1188244582001795
55.0, 0.11932201701501755
56.0, 0.11978589850839987
57.0, 0.12021818182846133
58.0, 0.12062083861032397
59.0, 0.12099573621203696
60.0, 0.12134464115553749
61.0, 0.12134464115553752
62.0, 0.1213446411555375
63.0, 0.12134464115553752
64.0, 0.12134464115553753
65.0, 0.12134464115553752
66.0, 0.1213446411555375
67.0, 0.1213446411555375
68.0, 0.12134464115553752
69.0, 0.12134464115553749
70.0, 0.1213446411555375
71.0, 0.1213446411555375
72.0, 0.1213446411555375
73.0, 0.12134464115553749
74.0, 0.1213446411555375
75.0, 0.12134464115553749
76.0, 0.12134464115553749
77.0, 0.1213446411555375
78.0, 0.1213446411555375
79.0, 0.1213446411555375
80.0, 0.12134464115553752
81.0, 0.12134464115553749
82.0, 0.1213446411555375
83.0, 0.12134464115553752
84.0, 0.12134464115553752
85.0, 0.1213446411555375
86.0, 0.12134464115553749
87.0, 0.12134464115553747
88.0, 0.12134464115553749
89.0, 0.12134464115553749
90.0, 0.1213446411555375
91.0, 0.12134464115553749
92.0, 0.1213446411555375
93.0, 0.1213446411555375
94.0, 0.12134464115553752
95.0, 0.12134464115553752
96.0, 0.1213446411555375
97.0, 0.12134464115553749
98.0, 0.1213446411555375
99.0, 0.12134464115553752
100.0, 0.12134464115553752
101.0, 0.12134464115553749
102.0, 0.1213446411555375
103.0, 0.1213446411555375
104.0, 0.12134464115553749
105.0, 0.1213446411555375
106.0, 0.1213446411555375
107.0, 0.12134464115553749
108.0, 0.12134464115553749
109.0, 0.12134464115553749
110.0, 0.1213446411555375
111.0, 0.1213446411555375
112.0, 0.12134464115553749
113.0, 0.1213446411555375
114.0, 0.1213446411555375
115.0, 0.1213446411555375
116.0, 0.12134464115553752
117.0, 0.12134464115553752
118.0, 0.1213446411555375
119.0, 0.1213446411555375
120.0, 0.1213446411555375
121.0, 0.1213446411555375
122.0, 0.1213446411555375
123.0, 0.12134464115553749
124.0, 0.12134464115553752
125.0, 0.1213446411555375
126.0, 0.12134464115553749
127.0, 0.1213446411555375
128.0, 0.12134464115553749
129.0, 0.1213446411555375
130.0, 0.12134464115553752
131.0, 0.1213446411555375
132.0, 0.12134464115553749
133.0, 0.12134464115553747
134.0, 0.1213446411555375
135.0, 0.12134464115553752
136.0, 0.12134464115553747
137.0, 0.1213446411555375
138.0, 0.1213446411555375
139.0, 0.1213446411555375
140.0, 0.1213446411555375
141.0, 0.1213446411555375
142.0, 0.1213446411555375
143.0, 0.12134464115553749
144.0, 0.12134464115553747
145.0, 0.12134464115553752
146.0, 0.1213446411555375
147.0, 0.12134464115553752
148.0, 0.12134464115553752
149.0, 0.12134464115553749
150.0, 0.1213446411555375
151.0, 0.12134464115553752
152.0, 0.12134464115553752
153.0, 0.12134464115553747
154.0, 0.12134464115553752
155.0, 0.1213446411555375
156.0, 0.1213446411555375
157.0, 0.12134464115553749
158.0, 0.12134464115553749
159.0, 0.1213446411555375
160.0, 0.12134464115553752
161.0, 0.12134464115553752
162.0, 0.12134464115553749
163.0, 0.1213446411555375
164.0, 0.1213446411555375
165.0, 0.1213446411555375
166.0, 0.1213446411555375
167.0, 0.1213446411555375
168.0, 0.12134464115553749
169.0, 0.1213446411555375
170.0, 0.12134464115553752
171.0, 0.12134464115553749
172.0, 0.1213446411555375
173.0, 0.1213446411555375
174.0, 0.1213446411555375
175.0, 0.1213446411555375
176.0, 0.12134464115553749
177.0, 0.12134464115553749
178.0, 0.12134464115553752
179.0, 0.1213446411555375
180.0, 0.1213446411555375
181.0, 0.12134464115553749
182.0, 0.12134464115553752
183.0, 0.1213446411555375
184.0, 0.12134464115553749
185.0, 0.12134464115553749
186.0, 0.12134464115553749
187.0, 0.1213446411555375
188.0, 0.12134464115553749
189.0, 0.1213446411555375
190.0, 0.1213446411555375
191.0, 0.12134464115553749
192.0, 0.1213446411555375
193.0, 0.1213446411555375
194.0, 0.1213446411555375
195.0, 0.12134464115553749
196.0, 0.1213446411555375
197.0, 0.1213446411555375
198.0, 0.1213446411555375
199.0, 0.1213446411555375
200.0, 0.1213446411555375
201.0, 0.1213446411555375
202.0, 0.1213446411555375
203.0, 0.1213446411555375
204.0, 0.12134464115553749
205.0, 0.12134464115553752
206.0, 0.12134464115553752
207.0, 0.1213446411555375
208.0, 0.1213446411555375
209.0, 0.1213446411555375
210.0, 0.1213446411555375
211.0, 0.12134464115553752
212.0, 0.12134464115553752
213.0, 0.12134464115553749
214.0, 0.1213446411555375
215.0, 0.1213446411555375
216.0, 0.1213446411555375
217.0, 0.1213446411555375
218.0, 0.1213446411555375
219.0, 0.12134464115553749
220.0, 0.0
221.0, 0.14560505496236995
222.0, 0.2822478975441474
223.0, 0.4103474159464086
224.0, 0.530320809115094
225.0, 0.6425804217516989
226.0, 0.7475311669385235
227.0, 0.8455684561387873
228.0, 0.9370765659961272
229.0, 1.0224273799372678
230.0, 1.1019794501923619
231.0, 1.1760773325937277
232.0, 1.2450511524889731
233.0, 1.3092163653924076
234.0, 1.3688736806741484
235.0, 1.4243091207163971
236.0, 1.475794191611137
237.0, 1.5235861446864973
238.0, 1.567928310978275
239.0, 1.609050493251496
240.0, 1.6471694023626393
241.0, 1.6824891266704944
242.0, 1.7152016248830375
243.0, 1.7454872341963883
244.0, 1.7735151868641492
245.0, 1.7994441294527566
246.0, 1.8234226400102187
247.0, 1.8455897392188227
248.0, 1.8660753923323408
249.0, 1.8850009993284462
250.0, 1.9024798712495534
251.0, 1.9186176911706994
252.0, 1.9335129586309414
253.0, 1.9472574167033954
254.0, 1.9599364611659353
255.0, 1.97162953147625
256.0, 1.9824104834573308
257.0, 1.9923479437674734
258.0, 2.001505646367327
259.0, 2.00994275130912
260.0, 2.0177141462636765
261.0, 2.024870731272162
262.0, 2.0314596872644457
263.0, 2.0375247289269143
264.0, 2.043106342531549
265.0, 2.048242009357003
266.0, 2.0529664153427936
267.0, 2.0573116476210087
268.0, 2.06130737856723
269.0, 2.0649810380049276
270.0, 2.068357974186012
271.0, 2.0714616041556217
272.0, 2.0743135540920186
273.0, 2.0769337901933436
274.0, 2.0793407406624733
275.0, 2.081551409319572
276.0, 2.083581481349818
277.0, 2.085445421671043
278.0, 2.0871565663834555
279.0, 2.0887272077408943
280.0, 2.090168673060774
281.0, 2.090168673060774
282.0, 2.090168673060774
283.0, 2.090168673060774
284.0, 2.0901686730607745
285.0, 2.090168673060774
286.0, 2.090168673060774
287.0, 2.0901686730607736
288.0, 2.0901686730607745
289.0, 2.090168673060773
290.0, 2.0901686730607745
291.0, 2.090168673060774
292.0, 2.0901686730607745
293.0, 2.0901686730607745
294.0, 2.090168673060773
295.0, 2.090168673060774
296.0, 2.090168673060774
297.0, 2.090168673060774
298.0, 2.0901686730607745
299.0, 2.0901686730607736
300.0, 2.0901686730607736
301.0, 2.090168673060774
302.0, 2.090168673060774
303.0, 2.090168673060774
304.0, 2.090168673060774
305.0, 2.0901686730607745
306.0, 2.0901686730607736
307.0, 2.0901686730607736
308.0, 2.0901686730607736
309.0, 2.0901686730607736
310.0, 2.0901686730607736
311.0, 2.090168673060774
312.0, 2.090168673060774
313.0, 2.0901686730607745
314.0, 2.0901686730607736
315.0, 2.0901686730607736
316.0, 2.090168673060774
317.0, 2.0901686730607736
318.0, 2.0901686730607745
319.0, 2.0901686730607745
320.0, 2.0901686730607736
321.0, 2.0901686730607736
322.0, 2.090168673060774
323.0, 2.090168673060774
324.0, 2.0901686730607736
325.0, 2.0901686730607745
326.0, 2.0901686730607736
327.0, 2.090168673060773
328.0, 2.090168673060774
329.0, 2.090168673060773
330.0, 2.090168673060774
331.0, 2.090168673060774
332.0, 2.0901686730607745
333.0, 2.090168673060774
334.0, 2.0901686730607736
335.0, 2.090168673060774
336.0, 2.0901686730607745
337.0, 2.0901686730607736
338.0, 2.0901686730607736
339.0, 2.090168673060774
340.0, 2.090168673060774
341.0, 2.0901686730607745
342.0, 2.0901686730607736
343.0, 2.090168673060774
344.0, 2.0901686730607736
345.0, 2.0901686730607736
346.0, 2.0901686730607736
347.0, 2.0901686730607736
348.0, 2.090168673060774
349.0, 2.0901686730607736
350.0, 2.090168673060774
351.0, 2.090168673060774
352.0, 2.090168673060774
353.0, 2.090168673060774
354.0, 2.0901686730607736
355.0, 2.0901686730607736
356.0, 2.0901686730607736
357.0, 2.0901686730607736
358.0, 2.090168673060774
359.0, 2.090168673060774
360.0, 2.0901686730607736
361.0, 2.0901686730607736
362.0, 2.090168673060774
363.0, 2.0901686730607736
364.0, 2.0901686730607736
365.0, 2.0901686730607736
366.0, 2.090168673060774
367.0, 2.0901686730607736
368.0, 2.090168673060774
369.0, 2.090168673060774
370.0, 2.090168673060774
371.0, 2.090168673060773
372.0, 2.090168673060774
373.0, 2.0901686730607736
374.0, 2.090168673060775
375.0, 2.090168673060774
376.0, 2.0901686730607736
377.0, 2.0901686730607745
378.0, 2.0901686730607745
379.0, 2.090168673060774
380.0, 2.090168673060774
381.0, 2.0901686730607736
382.0, 2.090168673060774
383.0, 2.090168673060774
384.0, 2.0901686730607736
385.0, 2.0901686730607736
386.0, 2.0901686730607736
387.0, 2.0901686730607736
388.0, 2.0901686730607736
389.0, 2.090168673060774
390.0, 2.090168673060774
391.0, 2.090168673060774
392.0, 2.0901686730607736
393.0, 2.090168673060773
394.0, 2.0901686730607745
395.0, 2.090168673060774
396.0, 2.090168673060774
397.0, 2.090168673060775
398.0, 2.0901686730607736
399.0, 2.090168673060774
400.0, 2.090168673060774
401.0, 2.090168673060774
402.0, 2.0901686730607745
403.0, 2.090168673060775
404.0, 2.0901686730607736
405.0, 2.090168673060774
406.0, 2.090168673060774
407.0, 2.0901686730607745
408.0, 2.0901686730607745
409.0, 2.090168673060774
410.0, 2.090168673060774
411.0, 2.090168673060774
412.0, 2.090168673060774
413.0, 2.090168673060774
414.0, 2.090168673060775
415.0, 2.0901686730607736
416.0, 2.090168673060774
417.0, 2.0901686730607745
418.0, 2.090168673060774
419.0, 2.090168673060774
420.0, 2.090168673060774
421.0, 2.090168673060774
422.0, 2.0901686730607745
423.0, 2.0901686730607736
424.0, 2.0901686730607736
425.0, 2.090168673060774
426.0, 2.090168673060774
427.0, 2.0901686730607745
428.0, 2.0901686730607745
429.0, 2.0901686730607745
430.0, 2.090168673060774
431.0, 2.0901686730607736
432.0, 2.090168673060774
433.0, 2.0901686730607745
434.0, 2.0901686730607736
435.0, 2.090168673060773
436.0, 2.090168673060774
437.0, 2.090168673060775
438.0, 2.090168673060774
439.0, 2.090168673060774
440.0, 0.0
441.0, 0.1501405711219113
442.0, 0.2910125854923185
443.0, 0.4230515883346459
444.0, 0.546691091441898
445.0, 0.6623593182300614
446.0, 0.770476557049271
447.0, 0.8714530393638245
448.0, 0.9656872694917472
449.0, 1.0535647415384564
450.0, 1.1354569870895217
451.0, 1.211720904253901
452.0, 1.282698324869465
453.0, 1.3487157821849332
454.0, 1.410084446195024
455.0, 1.467100198099052
456.0, 1.520043819140173
457.0, 1.5691812724192469
458.0, 1.614764059213994
459.0, 1.6570296339157176
460.0, 1.6962018639622474
461.0, 1.7324915231328268
462.0, 1.7660968083101287
463.0, 1.7972038713349214
464.0, 1.825987358905499
465.0, 1.8526109546291898
466.0, 1.8772279183373606
467.0, 1.899981618645964
468.0, 1.9210060554968997
469.0, 1.9404263700652111
470.0, 1.9583593399759995
471.0, 1.974913858254053
472.0, 1.9901913948383048
473.0, 2.004286439841117
474.0, 2.0172869280268286
475.0, 2.0292746442316463
476.0, 2.0403256096540745
477.0, 2.050510449116742
478.0, 2.05989473954161
479.0, 2.0685393399951337
480.0, 2.0765007037516776
481.0, 2.083831172895566
482.0, 2.0905792560374143
483.0, 2.096789889761197
484.0, 2.102504684447182
485.0, 2.107762155134081
486.0, 2.112597938093397
487.0, 2.1170449937912186
488.0, 2.121133796908969
489.0, 2.1248925140859884
490.0, 2.128347170034075
491.0, 2.1315218026581992
492.0, 2.1344386077992077
493.0, 2.1371180741938858
494.0, 2.1395791092259806
495.0, 2.1418391560190067
496.0, 2.143914302398146
497.0, 2.145819382224855
498.0, 2.1475680695839148
499.0, 2.149172966278968
500.0, 2.1506456830691807
501.0, 2.1506456830691816
502.0, 2.150645683069181
503.0, 2.150645683069181
504.0, 2.1506456830691807
505.0, 2.1506456830691816
506.0, 2.1506456830691816
507.0, 2.1506456830691816
508.0, 2.1506456830691816
509.0, 2.150645683069181
510.0, 2.1506456830691816
511.0, 2.150645683069181
512.0, 2.150645683069181
513.0, 2.150645683069181
514.0, 2.1506456830691816
515.0, 2.1506456830691807
516.0, 2.1506456830691816
517.0, 2.1506456830691816
518.0, 2.1506456830691816
519.0, 2.1506456830691816
520.0, 2.150645683069181
521.0, 2.1506456830691816
522.0, 2.150645683069181
523.0, 2.1506456830691816
524.0, 2.150645683069181
525.0, 2.1506456830691807
526.0, 2.150645683069182
527.0, 2.1506456830691816
528.0, 2.150645683069181
529.0, 2.1506456830691807
530.0, 2.1506456830691807
531.0, 2.1506456830691816
532.0, 2.150645683069181
533.0, 2.1506456830691802
534.0, 2.1506456830691816
535.0, 2.1506456830691816
536.0, 2.150645683069181
537.0, 2.1506456830691807
538.0, 2.1506456830691816
539.0, 2.1506456830691816
540.0, 2.1506456830691807
541.0, 2.1506456830691807
542.0, 2.150645683069181
543.0, 2.1506456830691807
544.0, 2.150645683069182
545.0, 2.150645683069181
546.0, 2.150645683069181
547.0, 2.150645683069181
548.0, 2.15064568306918
549.0, 2.150645683069181
550.0, 2.1506456830691816
551.0, 2.150645683069181
552.0, 2.150645683069181
553.0, 2.150645683069181
554.0, 2.150645683069181
555.0, 2.1506456830691816
556.0, 2.150645683069182
557.0, 2.1506456830691816
558.0, 2.1506456830691816
559.0, 2.150645683069181
560.0, 2.150645683069182
561.0, 2.150645683069181
562.0, 2.1506456830691816
563.0, 2.1506456830691816
564.0, 2.150645683069181
565.0, 2.150645683069181
566.0, 2.1506456830691816
567.0, 2.1506456830691816
568.0, 2.150645683069181
569.0, 2.1506456830691816
570.0, 2.1506456830691807
571.0, 2.1506456830691816
572.0, 2.150645683069181
573.0, 2.150645683069181
574.0, 2.1506456830691816
575.0, 2.1506456830691807
576.0, 2.150645683069181
577.0, 2.150645683069181
578.0, 2.150645683069181
579.0, 2.150645683069181
580.0, 2.150645683069182
581.0, 2.150645683069181
582.0, 2.150645683069181
583.0, 2.1506456830691816
584.0, 2.150645683069181
585.0, 2.1506456830691816
586.0, 2.150645683069181
587.0, 2.1506456830691816
588.0, 2.150645683069181
589.0, 2.150645683069181
590.0, 2.150645683069181
591.0, 2.1506456830691816
592.0, 2.150645683069181
593.0, 2.150645683069181
594.0, 2.1506456830691816
595.0, 2.150645683069181
596.0, 2.1506456830691807
597.0, 2.1506456830691816
598.0, 2.150645683069182
599.0, 2.1506456830691807
600.0, 2.1506456830691816
601.0, 2.150645683069181
602.0, 2.150645683069181
603.0, 2.150645683069181
604.0, 2.150645683069182
605.0, 2.1506456830691816
606.0, 2.150645683069182
607.0, 2.1506456830691816
608.0, 2.1506456830691807
609.0, 2.1506456830691816
610.0, 2.150645683069181
611.0, 2.150645683069181
612.0, 2.150645683069181
613.0, 2.1506456830691816
614.0, 2.1506456830691816
615.0, 2.1506456830691816
616.0, 2.1506456830691807
617.0, 2.150645683069181
618.0, 2.150645683069181
619.0, 2.150645683069182
620.0, 2.1506456830691816
621.0, 2.150645683069181
622.0, 2.1506456830691807
623.0, 2.150645683069181
624.0, 2.150645683069181
625.0, 2.150645683069181
626.0, 2.150645683069181
627.0, 2.150645683069181
628.0, 2.150645683069181
629.0, 2.1506456830691816
630.0, 2.1506456830691807
631.0, 2.1506456830691816
632.0, 2.150645683069181
633.0, 2.150645683069181
634.0, 2.1506456830691816
635.0, 2.150645683069181
636.0, 2.1506456830691807
637.0, 2.1506456830691802
638.0, 2.150645683069181
639.0, 2.150645683069181
640.0, 2.150645683069181
641.0, 2.1506456830691816
642.0, 2.1506456830691807
643.0, 2.150645683069181
644.0, 2.150645683069181
645.0, 2.150645683069181
646.0, 2.150645683069181
647.0, 2.150645683069181
648.0, 2.150645683069182
649.0, 2.150645683069181
650.0, 2.150645683069181
651.0, 2.150645683069181
652.0, 2.150645683069181
653.0, 2.150645683069181
654.0, 2.150645683069181
655.0, 2.1506456830691816
656.0, 2.150645683069181
657.0, 2.150645683069181
658.0, 2.150645683069181
659.0, 2.1506456830691816
660.0, 0.0
661.0, 0.15062159145758156
662.0, 0.2919421301000913
663.0, 0.4243989286028412
664.0, 0.5484272296347287
665.0, 0.6644569413737899
666.0, 0.7729099834703737
667.0, 0.8741981597348709
668.0, 0.96872148395063
669.0, 1.0568668941952326
670.0, 1.1390072990176794
671.0, 1.2155009058751438
672.0, 1.2866907884794199
673.0, 1.3529046552282094
674.0, 1.414454785779001
675.0, 1.4716381071339852
676.0, 1.5247363844065531
677.0, 1.5740165047898151
678.0, 1.6197308361956841
679.0, 1.662117644624532
680.0, 1.7014015566004177
681.0, 1.7377940550012865
682.0, 1.771493998359411
683.0, 1.8026881552331717
684.0, 1.831551746582523
685.0, 1.8582489902397632
686.0, 1.8829336425747174
687.0, 1.9057495333270176
688.0, 1.9268310903338337
689.0, 1.946303851533225
690.0, 1.9642849621839251
691.0, 1.9808836557228797
692.0, 1.9962017170922022
693.0, 2.0103339277160943
694.0, 2.0233684916034544
695.0, 2.0353874423002463
696.0, 2.046467030623253
697.0, 2.0566780932789452
698.0, 2.0660864026125605
699.0, 2.0747529978473063
700.0, 2.0827344982654714
701.0, 2.0900833988553673
702.0, 2.096848349003327
703.0, 2.1030744148508123
704.0, 2.1088033259652392
705.0, 2.114073706991407
706.0, 2.1189212949598435
707.0, 2.1233791429305895
708.0, 2.1274778106471386
709.0, 2.1312455428663966
710.0, 2.134708436017719
711.0, 2.1378905938280437
712.0, 2.140814272531511
713.0, 2.143500016261526
714.0, 2.1459667832011937
715.0, 2.1482320630451914
716.0, 2.1503119863025297
717.0, 2.152221425945796
718.0, 2.1539740918884807
719.0, 2.155582618748194
720.0, 2.1570586473300586
721.0, 2.1570586473300586
722.0, 2.157058647330058
723.0, 2.1570586473300586
724.0, 2.157058647330058
725.0, 2.1570586473300586
726.0, 2.1570586473300586
727.0, 2.157058647330059
728.0, 2.157058647330059
729.0, 2.1570586473300586
730.0, 2.1570586473300586
731.0, 2.1570586473300586
732.0, 2.1570586473300586
733.0, 2.1570586473300586
734.0, 2.157058647330059
735.0, 2.1570586473300586
736.0, 2.157058647330059
737.0, 2.1570586473300586
738.0, 2.157058647330058
739.0, 2.1570586473300586
740.0, 2.157058647330058
741.0, 2.1570586473300586
742.0, 2.1570586473300577
743.0, 2.1570586473300586
744.0, 2.1570586473300595
745.0, 2.157058647330059
746.0, 2.157058647330059
747.0, 2.157058647330059
748.0, 2.1570586473300586
749.0, 2.1570586473300586
750.0, 2.157058647330058
751.0, 2.157058647330059
752.0, 2.1570586473300586
753.0, 2.157058647330059
754.0, 2.1570586473300586
755.0, 2.1570586473300586
756.0, 2.1570586473300577
757.0, 2.157058647330059
758.0, 2.157058647330058
759.0, 2.157058647330059
760.0, 2.157058647330058
761.0, 2.157058647330059
762.0, 2.1570586473300586
763.0, 2.157058647330059
764.0, 2.1570586473300586
765.0, 2.1570586473300586
766.0, 2.1570586473300586
767.0, 2.157058647330058
768.0, 2.1570586473300586
769.0, 2.157058647330059
770.0, 2.157058647330058
771.0, 2.157058647330058
772.0, 2.1570586473300586
773.0, 2.157058647330058
774.0, 2.1570586473300586
775.0, 2.157058647330059
776.0, 2.1570586473300586
777.0, 2.157058647330059
778.0, 2.157058647330058
779.0, 2.1570586473300586
780.0, 2.1570586473300586
781.0, 2.1570586473300586
782.0, 2.1570586473300586
783.0, 2.157058647330059
784.0, 2.1570586473300586
785.0, 2.1570586473300586
786.0, 2.1570586473300586
787.0, 2.1570586473300586
788.0, 2.157058647330059
789.0, 2.1570586473300586
790.0, 2.1570586473300586
791.0, 2.157058647330058
792.0, 2.157058647330059
793.0, 2.157058647330059
794.0, 2.1570586473300586
795.0, 2.1570586473300577
796.0, 2.157058647330058
797.0, 2.1570586473300586
798.0, 2.157058647330059
799.0, 2.1570586473300577
800.0, 2.1570586473300586
801.0, 2.157058647330058
802.0, 2.157058647330058
803.0, 2.157058647330058
804.0, 2.157058647330059
805.0, 2.1570586473300586
806.0, 2.157058647330058
807.0, 2.1570586473300586
808.0, 2.1570586473300586
809.0, 2.1570586473300586
810.0, 2.1570586473300586
811.0, 2.1570586473300577
812.0, 2.157058647330059
813.0, 2.157058647330059
814.0, 2.157058647330059
815.0, 2.157058647330058
816.0, 2.157058647330058
817.0, 2.157058647330059
818.0, 2.1570586473300586
819.0, 2.157058647330059
820.0, 2.157058647330058
821.0, 2.157058647330059
822.0, 2.157058647330059
823.0, 2.157058647330058
824.0, 2.1570586473300586
825.0, 2.1570586473300586
826.0, 2.1570586473300586
827.0, 2.157058647330059
828.0, 2.1570586473300586
829.0, 2.1570586473300586
830.0, 2.1570586473300586
831.0, 2.1570586473300595
832.0, 2.1570586473300586
833.0, 2.157058647330059
834.0, 2.157058647330059
835.0, 2.1570586473300595
836.0, 2.1570586473300586
837.0, 2.1570586473300586
838.0, 2.157058647330058
839.0, 2.1570586473300586
840.0, 2.1570586473300586
841.0, 2.157058647330059
842.0, 2.1570586473300586
843.0, 2.1570586473300586
844.0, 2.1570586473300586
845.0, 2.1570586473300586
846.0, 2.1570586473300586
847.0, 2.157058647330058
848.0, 2.157058647330058
849.0, 2.1570586473300586
850.0, 2.1570586473300586
851.0, 2.1570586473300586
852.0, 2.157058647330059
853.0, 2.157058647330059
854.0, 2.1570586473300586
855.0, 2.157058647330059
856.0, 2.1570586473300577
857.0, 2.157058647330059
858.0, 2.1570586473300586
859.0, 2.1570586473300586
860.0, 2.1570586473300577
861.0, 2.1570586473300586
862.0, 2.157058647330058
863.0, 2.1570586473300595
864.0, 2.1570586473300586
865.0, 2.1570586473300586
866.0, 2.157058647330058
867.0, 2.157058647330058
868.0, 2.1570586473300586
869.0, 2.1570586473300586
870.0, 2.1570586473300586
871.0, 2.1570586473300586
872.0, 2.1570586473300586
873.0, 2.1570586473300586
874.0, 2.157058647330058
875.0, 2.157058647330059
876.0, 2.1570586473300586
877.0, 2.1570586473300577
878.0, 2.1570586473300586
879.0, 2.157058647330059
880.0, 0.0
881.0, 0.15067309338728965
882.0, 0.2920416546603248
883.0, 0.42454318573316935
884.0, 0.5486131145972637
885.0, 0.6646815298157784
886.0, 0.7731705257000578
887.0, 0.8744920744093059
888.0, 0.9690463513430869
889.0, 1.0572204491829018
890.0, 1.1393874239071091
891.0, 1.21590562316275
892.0, 1.2871182536270858
893.0, 1.353353149519126
894.0, 1.4149227093061365
895.0, 1.472123971962685
896.0, 1.5252388079434933
897.0, 1.5745342033826555
898.0, 1.620262618981109
899.0, 1.6626624076367909
900.0, 1.7019582771477801
901.0, 1.7383617863139484
902.0, 1.7720718645091933
903.0, 1.8032753463227211
904.0, 1.8321475141996184
905.0, 1.858852643170651
906.0, 1.883544542769075
907.0, 1.9063670921061566
908.0, 1.927454764832982
909.0, 1.946933141368257
910.0, 1.964919406332521
911.0, 1.9815228296099727
912.0, 1.9968452298694837
913.0, 2.0109814197254225
914.0, 2.024019632014152
915.0, 2.036041926910478
916.0, 2.0471245798159323
917.0, 2.057338450122944
918.0, 2.0667493311003047
919.0, 2.075418281260221
920.0, 2.0834019376590915
921.0, 2.0907528116563245
922.0, 2.0975195677108047
923.0, 2.1037472858354196
924.0, 2.109477708358692
925.0, 2.1147494716606996
926.0, 2.119598323560007
927.0, 2.12405732703048
928.0, 2.1281570509230128
929.0, 2.131925748358374
930.0, 2.1353895234445557
931.0, 2.1385724869558937
932.0, 2.141496901592699
933.0, 2.144183317419558
934.0, 2.1466506980585427
935.0, 2.1489165381905884
936.0, 2.1509969728947613
937.0, 2.1529068793311814
938.0, 2.154659971249429
939.0, 2.1562688867804236
940.0, 2.1577452699462354
941.0, 2.157745269946235
942.0, 2.157745269946236
943.0, 2.1577452699462345
944.0, 2.1577452699462345
945.0, 2.1577452699462354
946.0, 2.1577452699462345
947.0, 2.157745269946235
948.0, 2.157745269946235
949.0, 2.1577452699462354
950.0, 2.1577452699462354
951.0, 2.157745269946236
952.0, 2.1577452699462363
953.0, 2.157745269946235
954.0, 2.1577452699462354
955.0, 2.157745269946235
956.0, 2.1577452699462354
957.0, 2.157745269946235
958.0, 2.157745269946236
959.0, 2.157745269946235
960.0, 2.157745269946235
961.0, 2.157745269946236
962.0, 2.157745269946235
963.0, 2.1577452699462345
964.0, 2.157745269946235
965.0, 2.1577452699462354
966.0, 2.1577452699462354
967.0, 2.1577452699462354
968.0, 2.157745269946235
969.0, 2.1577452699462354
970.0, 2.157745269946235
971.0, 2.157745269946234
972.0, 2.1577452699462354
973.0, 2.157745269946234
974.0, 2.1577452699462354
975.0, 2.157745269946236
976.0, 2.157745269946235
977.0, 2.157745269946235
978.0, 2.157745269946235
979.0, 2.1577452699462354
980.0, 2.1577452699462363
981.0, 2.157745269946235
982.0, 2.157745269946235
983.0, 2.157745269946235
984.0, 2.1577452699462354
985.0, 2.157745269946235
986.0, 2.1577452699462354
987.0, 2.1577452699462354
988.0, 2.1577452699462354
989.0, 2.1577452699462354
990.0, 2.1577452699462354
991.0, 2.157745269946235
992.0, 2.1577452699462345
993.0, 2.1577452699462345
994.0, 2.157745269946235
995.0, 2.1577452699462354
996.0, 2.157745269946235
997.0, 2.157745269946236
998.0, 2.157745269946235
999.0, 2.157745269946236
1000.0, 2.1577452699462345
1001.0, 2.1577452699462354
1002.0, 2.157745269946235
1003.0, 2.157745269946235
1004.0, 2.157745269946235
1005.0, 2.157745269946235
1006.0, 2.1577452699462354
1007.0, 2.157745269946235
1008.0, 2.1577452699462354
1009.0, 2.1577452699462345
1010.0, 2.157745269946235
1011.0, 2.157745269946236
1012.0, 2.1577452699462354
1013.0, 2.1577452699462345
1014.0, 2.157745269946235
1015.0, 2.157745269946235
1016.0, 2.1577452699462354
1017.0, 2.1577452699462354
1018.0, 2.157745269946235
1019.0, 2.1577452699462354
1020.0, 2.1577452699462354
1021.0, 2.1577452699462354
1022.0, 2.157745269946235
1023.0, 2.157745269946236
1024.0, 2.1577452699462354
1025.0, 2.1577452699462354
1026.0, 2.157745269946235
1027.0, 2.157745269946235
1028.0, 2.1577452699462345
1029.0, 2.1577452699462354
1030.0, 2.157745269946235
1031.0, 2.157745269946235
1032.0, 2.1577452699462354
1033.0, 2.1577452699462354
1034.0, 2.157745269946235
1035.0, 2.1577452699462354
1036.0, 2.157745269946235
1037.0, 2.157745269946235
1038.0, 2.1577452699462354
1039.0, 2.1577452699462354
1040.0, 2.157745269946236
1041.0, 2.157745269946235
1042.0, 2.157745269946235
1043.0, 2.157745269946235
1044.0, 2.157745269946235
1045.0, 2.157745269946235
1046.0, 2.157745269946235
1047.0, 2.1577452699462354
1048.0, 2.1577452699462354
1049.0, 2.1577452699462354
1050.0, 2.157745269946236
1051.0, 2.1577452699462354
1052.0, 2.157745269946235
1053.0, 2.157745269946236
1054.0, 2.157745269946236
1055.0, 2.1577452699462345
1056.0, 2.1577452699462354
1057.0, 2.1577452699462354
1058.0, 2.1577452699462354
1059.0, 2.1577452699462345
1060.0, 2.1577452699462354
1061.0, 2.157745269946235
1062.0, 2.157745269946235
1063.0, 2.1577452699462345
1064.0, 2.157745269946236
1065.0, 2.1577452699462354
1066.0, 2.1577452699462354
1067.0, 2.157745269946235
1068.0, 2.1577452699462354
1069.0, 2.157745269946235
1070.0, 2.1577452699462354
1071.0, 2.1577452699462354
1072.0, 2.157745269946235
1073.0, 2.1577452699462354
1074.0, 2.1577452699462354
1075.0, 2.157745269946235
1076.0, 2.157745269946235
1077.0, 2.1577452699462345
1078.0, 2.1577452699462354
1079.0, 2.157745269946235
1080.0, 2.157745269946236
1081.0, 2.1577452699462354
1082.0, 2.157745269946235
1083.0, 2.1577452699462354
1084.0, 2.1577452699462354
1085.0, 2.1577452699462354
1086.0, 2.1577452699462354
1087.0, 2.1577452699462354
1088.0, 2.1577452699462354
1089.0, 2.1577452699462345
1090.0, 2.157745269946236
1091.0, 2.157745269946235
1092.0, 2.1577452699462354
1093.0, 2.157745269946235
1094.0, 2.157745269946235
1095.0, 2.1577452699462345
1096.0, 2.1577452699462354
1097.0, 2.1577452699462354
1098.0, 2.157745269946236
1099.0, 2.157745269946236
1100.0, 0.0
1101.0, 0.1506786079751852
1102.0, 0.29205231128793285
1103.0, 0.42455863211524275
1104.0, 0.5486330182921496
1105.0, 0.6647055776967352
1106.0, 0.7731984233423308
1107.0, 0.8745235454142386
1108.0, 0.969081136617218
1109.0, 1.057258306187111
1110.0, 1.1394281258883925
1111.0, 1.2159489583790424
1112.0, 1.2871640245736968
1113.0, 1.3534011721637715
1114.0, 1.414972812338172
1115.0, 1.472175996060981
1116.0, 1.5252926050664113
1117.0, 1.574589636082723
1118.0, 1.620319559746295
1119.0, 1.6627207382596658
1120.0, 1.7020178881233767
1121.0, 1.7384225762666794
1122.0, 1.7721337396488732
1123.0, 1.8033382199294448
1124.0, 1.8322113061370278
1125.0, 1.858917279426941
1126.0, 1.8836099550249348
1127.0, 1.906433217328762
1128.0, 1.9275215448950505
1129.0, 1.9470005226911333
1130.0, 1.9649873395522295
1131.0, 1.9815912692651356
1132.0, 1.9969141341100265
1133.0, 2.0110507500409667
1134.0, 2.0240893529810227
1135.0, 2.0361120059562894
1136.0, 2.0471949870007173
1137.0, 2.0574091579358353
1138.0, 2.0668203142708284
1139.0, 2.075489516583274
1140.0, 2.0834734038327367
1141.0, 2.0908244891315593
1142.0, 2.0975914385525187
1143.0, 2.10381933359379
1144.0, 2.1095499179502872
1145.0, 2.1148218292586445
1146.0, 2.119670816492555
1147.0, 2.124129943687407
1148.0, 2.128229780669265
1149.0, 2.131998581454463
1150.0, 2.135462450973177
1151.0, 2.1386455007543446
1152.0, 2.141569994190639
1153.0, 2.1442564819817282
1154.0, 2.1467239283320576
1155.0, 2.1489898284564672
1156.0, 2.151070317923359
1157.0, 2.1529802743412314
1158.0, 2.154733411870416
1159.0, 2.1563423690180157
1160.0, 2.1578187901505532
1161.0, 2.1578187901505532
1162.0, 2.157818790150553
1163.0, 2.1578187901505532
1164.0, 2.157818790150554
1165.0, 2.1578187901505532
1166.0, 2.157818790150553
1167.0, 2.157818790150553
1168.0, 2.157818790150554
1169.0, 2.157818790150553
1170.0, 2.1578187901505537
1171.0, 2.1578187901505532
1172.0, 2.1578187901505532
1173.0, 2.1578187901505537
1174.0, 2.157818790150554
1175.0, 2.157818790150553
1176.0, 2.157818790150553
1177.0, 2.1578187901505537
1178.0, 2.1578187901505537
1179.0, 2.1578187901505532
1180.0, 2.1578187901505537
1181.0, 2.1578187901505532
1182.0, 2.1578187901505532
1183.0, 2.1578187901505532
1184.0, 2.1578187901505537
1185.0, 2.1578187901505537
1186.0, 2.1578187901505532
1187.0, 2.1578187901505537
1188.0, 2.157818790150554
1189.0, 2.1578187901505537
1190.0, 2.1578187901505532
1191.0, 2.1578187901505537
1192.0, 2.157818790150553
1193.0, 2.1578187901505532
1194.0, 2.1578187901505537
1195.0, 2.1578187901505532
1196.0, 2.1578187901505532
1197.0, 2.1578187901505537
1198.0, 2.1578187901505537
1199.0, 2.1578187901505537
1200.0, 2.1578187901505537
1201.0, 2.1578187901505537
1202.0, 2.1578187901505532
1203.0, 2.157818790150553
1204.0, 2.157818790150554
1205.0, 2.1578187901505532
1206.0, 2.157818790150553
1207.0, 2.1578187901505532
1208.0, 2.157818790150554
1209.0, 2.1578187901505532
1210.0, 2.1578187901505532
1211.0, 2.157818790150553
1212.0, 2.1578187901505537
1213.0, 2.1578187901505537
1214.0, 2.1578187901505537
1215.0, 2.1578187901505532
1216.0, 2.1578187901505532
1217.0, 2.1578187901505532
1218.0, 2.1578187901505537
1219.0, 2.1578187901505532
1220.0, 2.1578187901505537
1221.0, 2.1578187901505532
1222.0, 2.157818790150553
1223.0, 2.1578187901505532
1224.0, 2.1578187901505537
1225.0, 2.157818790150553
1226.0, 2.1578187901505532
1227.0, 2.1578187901505532
1228.0, 2.1578187901505532
1229.0, 2.1578187901505532
1230.0, 2.1578187901505537
1231.0, 2.1578187901505532
1232.0, 2.1578187901505532
1233.0, 2.1578187901505537
1234.0, 2.1578187901505537
1235.0, 2.1578187901505537
1236.0, 2.1578187901505532
1237.0, 2.1578187901505537
1238.0, 2.1578187901505532
1239.0, 2.1578187901505532
1240.0, 2.1578187901505532
1241.0, 2.1578187901505537
1242.0, 2.1578187901505532
1243.0, 2.1578187901505537
1244.0, 2.1578187901505532
1245.0, 2.1578187901505532
1246.0, 2.1578187901505532
1247.0, 2.1578187901505532
1248.0, 2.1578187901505532
1249.0, 2.1578187901505537
1250.0, 2.157818790150553
1251.0, 2.1578187901505537
1252.0, 2.1578187901505537
1253.0, 2.157818790150553
1254.0, 2.1578187901505532
1255.0, 2.1578187901505537
1256.0, 2.1578187901505532
1257.0, 2.1578187901505537
1258.0, 2.1578187901505537
1259.0, 2.1578187901505532
1260.0, 2.157818790150553
1261.0, 2.1578187901505532
1262.0, 2.1578187901505532
1263.0, 2.1578187901505532
1264.0, 2.1578187901505532
1265.0, 2.1578187901505532
1266.0, 2.157818790150553
1267.0, 2.157818790150553
1268.0, 2.1578187901505537
1269.0, 2.1578187901505537
1270.0, 2.157818790150553
1271.0, 2.1578187901505537
1272.0, 2.157818790150553
1273.0, 2.1578187901505523
1274.0, 2.1578187901505532
1275.0, 2.1578187901505532
1276.0, 2.1578187901505532
1277.0, 2.1578187901505532
1278.0, 2.1578187901505532
1279.0, 2.1578187901505537
1280.0, 2.1578187901505532
1281.0, 2.157818790150553
1282.0, 2.1578187901505537
1283.0, 2.1578187901505537
1284.0, 2.1578187901505532
1285.0, 2.1578187901505532
1286.0, 2.1578187901505532
1287.0, 2.1578187901505537
1288.0, 2.1578187901505537
1289.0, 2.157818790150554
1290.0, 2.1578187901505532
1291.0, 2.1578187901505537
1292.0, 2.1578187901505537
1293.0, 2.1578187901505532
1294.0, 2.1578187901505532
1295.0, 2.157818790150553
1296.0, 2.1578187901505532
1297.0, 2.157818790150554
1298.0, 2.157818790150553
1299.0, 2.1578187901505537
1300.0, 2.1578187901505532
1301.0, 2.1578187901505532
1302.0, 2.157818790150553
1303.0, 2.1578187901505537
1304.0, 2.1578187901505532
1305.0, 2.157818790150553
1306.0, 2.1578187901505532
1307.0, 2.1578187901505537
1308.0, 2.1578187901505532
1309.0, 2.1578187901505532
1310.0, 2.1578187901505532
1311.0, 2.1578187901505532
1312.0, 2.1578187901505532
1313.0, 2.1578187901505537
1314.0, 2.1578187901505532
1315.0, 2.1578187901505537
1316.0, 2.157818790150553
1317.0, 2.1578187901505532
1318.0, 2.157818790150553
1319.0, 2.1578187901505537
1320.0, 0.0
1321.0, 0.15067919830644855
1322.0, 0.2920534520685919
1323.0, 0.4245602856326829
1324.0, 0.5486351489581097
1325.0, 0.6647081519907025
1326.0, 0.7732014097459178
1327.0, 0.8745269143388218
1328.0, 0.9690848603267564
1329.0, 1.0572623587177614
1330.0, 1.1394324829662625
1331.0, 1.2159535973372015
1332.0, 1.287168924269362
1333.0, 1.3534063128964111
1334.0, 1.4149781757691322
1335.0, 1.4721815651351067
1336.0, 1.5252983639360345
1337.0, 1.5745955700342944
1338.0, 1.6203256551298648
1339.0, 1.6627269824213537
1340.0, 1.7020242693409022
1341.0, 1.7384290836880176
1342.0, 1.772140363234017
1343.0, 1.8033449503952628
1344.0, 1.832218134905155
1345.0, 1.8589241985746414
1346.0, 1.8836169572388524
1347.0, 1.9064402958614524
1348.0, 1.9275286935242049
1349.0, 1.9470077356813655
1350.0, 1.9649946116193298
1351.0, 1.9815985955426605
1352.0, 1.9969215101181164
1353.0, 2.011058171657266
1354.0, 2.0240968164136044
1355.0, 2.0361195077184466
1356.0, 2.0472025238875378
1357.0, 2.0574167270024346
1358.0, 2.0668279128121485
1359.0, 2.075497142115349
1360.0, 2.083481054075325
1361.0, 2.090832161992068
1362.0, 2.0975991321111143
1363.0, 2.10382704608963
1364.0, 2.1095576477687983
1365.0, 2.114829574919761
1366.0, 2.119678576639861
1367.0, 2.124137717078119
1368.0, 2.128237566164985
1369.0, 2.132006378012658
1370.0, 2.135470257639326
1371.0, 2.138653316654699
1372.0, 2.1415778185255654
1373.0, 2.1442643140195745
1374.0, 2.1467317674035113
1375.0, 2.1489976739493666
1376.0, 2.151078169277921
1377.0, 2.15298813104567
1378.0, 2.154741273456911
1379.0, 2.1563502350590165
1380.0, 2.1578266602553793
1381.0, 2.15782666025538
1382.0, 2.1578266602553806
1383.0, 2.157826660255379
1384.0, 2.1578266602553797
1385.0, 2.1578266602553793
1386.0, 2.1578266602553797
1387.0, 2.1578266602553797
1388.0, 2.1578266602553793
1389.0, 2.157826660255379
1390.0, 2.1578266602553793
1391.0, 2.1578266602553793
1392.0, 2.15782666025538
1393.0, 2.1578266602553797
1394.0, 2.1578266602553797
1395.0, 2.1578266602553797
1396.0, 2.1578266602553793
1397.0, 2.1578266602553797
1398.0, 2.1578266602553797
1399.0, 2.15782666025538
1400.0, 2.1578266602553797
1401.0, 2.15782666025538
1402.0, 2.1578266602553797
1403.0, 2.1578266602553793
1404.0, 2.15782666025538
1405.0, 2.1578266602553797
1406.0, 2.15782666025538
1407.0, 2.1578266602553797
1408.0, 2.1578266602553793
1409.0, 2.1578266602553797
1410.0, 2.1578266602553793
1411.0, 2.1578266602553793
1412.0, 2.1578266602553806
1413.0, 2.1578266602553793
1414.0, 2.1578266602553793
1415.0, 2.1578266602553793
1416.0, 2.15782666025538
1417.0, 2.1578266602553793
1418.0, 2.15782666025538
1419.0, 2.1578266602553797
1420.0, 2.15782666025538
1421.0, 2.1578266602553797
1422.0, 2.1578266602553793
1423.0, 2.1578266602553793
1424.0, 2.1578266602553797
1425.0, 2.15782666025538
1426.0, 2.1578266602553793
1427.0, 2.1578266602553797
1428.0, 2.1578266602553797
1429.0, 2.1578266602553797
1430.0, 2.157826660255379
1431.0, 2.157826660255379
1432.0, 2.157826660255379
1433.0, 2.1578266602553797
1434.0, 2.15782666025538
1435.0, 2.1578266602553793
1436.0, 2.1578266602553797
1437.0, 2.1578266602553793
1438.0, 2.15782666025538
1439.0, 2.15782666025538
1440.0, 2.1578266602553793
1441.0, 2.157826660255379
1442.0, 2.15782666025538
1443.0, 2.15782666025538
1444.0, 2.15782666025538
1445.0, 2.1578266602553797
1446.0, 2.1578266602553797
1447.0, 2.15782666025538
1448.0, 2.1578266602553797
1449.0, 2.1578266602553793
1450.0, 2.15782666025538
1451.0, 2.1578266602553797
1452.0, 2.1578266602553797
1453.0, 2.15782666025538
1454.0, 2.1578266602553797
1455.0, 2.1578266602553793
1456.0, 2.1578266602553797
1457.0, 2.1578266602553793
1458.0, 2.1578266602553797
1459.0, 2.157826660255379
1460.0, 2.1578266602553793
1461.0, 2.1578266602553797
1462.0, 2.1578266602553793
1463.0, 2.1578266602553806
1464.0, 2.15782666025538
1465.0, 2.157826660255379
1466.0, 2.15782666025538
1467.0, 2.1578266602553797
1468.0, 2.1578266602553793
1469.0, 2.1578266602553797
1470.0, 2.15782666025538
1471.0, 2.1578266602553793
1472.0, 2.1578266602553797
1473.0, 2.1578266602553797
1474.0, 2.1578266602553793
1475.0, 2.157826660255379
1476.0, 2.1578266602553797
1477.0, 2.1578266602553793
1478.0, 2.1578266602553797
1479.0, 2.1578266602553797
1480.0, 2.15782666025538
1481.0, 2.15782666025538
1482.0, 2.1578266602553797
1483.0, 2.1578266602553797
1484.0, 2.1578266602553797
1485.0, 2.1578266602553797
1486.0, 2.15782666025538
1487.0, 2.15782666025538
1488.0, 2.1578266602553793
1489.0, 2.1578266602553797
1490.0, 2.1578266602553797
1491.0, 2.1578266602553797
1492.0, 2.1578266602553797
1493.0, 2.1578266602553797
1494.0, 2.157826660255379
1495.0, 2.1578266602553797
1496.0, 2.1578266602553806
1497.0, 2.1578266602553793
1498.0, 2.1578266602553793
1499.0, 2.1578266602553797
1500.0, 2.1578266602553806
1501.0, 2.15782666025538
1502.0, 2.15782666025538
1503.0, 2.1578266602553793
1504.0, 2.1578266602553793
1505.0, 2.1578266602553793
1506.0, 2.1578266602553793
1507.0, 2.15782666025538
1508.0, 2.15782666025538
1509.0, 2.15782666025538
1510.0, 2.1578266602553797
1511.0, 2.1578266602553793
1512.0, 2.1578266602553797
1513.0, 2.1578266602553806
1514.0, 2.15782666025538
1515.0, 2.1578266602553797
1516.0, 2.1578266602553793
1517.0, 2.15782666025538
1518.0, 2.1578266602553797
1519.0, 2.1578266602553793
1520.0, 2.1578266602553797
1521.0, 2.1578266602553797
1522.0, 2.1578266602553797
1523.0, 2.1578266602553793
1524.0, 2.1578266602553797
1525.0, 2.1578266602553797
1526.0, 2.1578266602553797
1527.0, 2.1578266602553797
1528.0, 2.1578266602553793
1529.0, 2.1578266602553797
1530.0, 2.1578266602553797
1531.0, 2.1578266602553797
1532.0, 2.1578266602553793
1533.0, 2.1578266602553793
1534.0, 2.15782666025538
1535.0, 2.1578266602553793
1536.0, 2.1578266602553793
1537.0, 2.1578266602553797
1538.0, 2.1578266602553797
1539.0, 2.1578266602553793
1540.0, 0.0
1541.0, 0.15067926135503207
1542.0, 0.2920535739053462
1543.0, 0.4245604622290018
1544.0, 0.5486353765123883
1545.0, 0.6647084269222807
1546.0, 0.7732017286880638
1547.0, 0.8745272741309931
1548.0, 0.9690852580063497
1549.0, 1.0572627915115174
1550.0, 1.1394329482814753
1551.0, 1.2159540927528505
1552.0, 1.287169447527255
1553.0, 1.3534068618924373
1554.0, 1.4149787485446683
1555.0, 1.4721821598686442
1556.0, 1.525298978935055
1557.0, 1.5745962037274306
1558.0, 1.620326306059364
1559.0, 1.6627276492358622
1560.0, 1.7020249507885792
1561.0, 1.7384297786099765
1562.0, 1.772141070558107
1563.0, 1.8033456691301737
1564.0, 1.8322188641348554
1565.0, 1.8589249374531234
1566.0, 1.8836177049851934
1567.0, 1.9064410517551706
1568.0, 1.9275294569009043
1569.0, 1.9470085059286533
1570.0, 1.9649953881729973
1571.0, 1.9815993778831136
1572.0, 1.9969222977670449
1573.0, 2.011058964174541
1574.0, 2.02409761339438
1575.0, 2.036120308790473
1576.0, 2.047203328708655
1577.0, 2.05741753525825
1578.0, 2.066828724213878
1579.0, 2.0754979563978173
1580.0, 2.083481870995111
1581.0, 2.090832981325783
1582.0, 2.0975999536538197
1583.0, 2.10382786965336
1584.0, 2.1095584731812065
1585.0, 2.114830402022861
1586.0, 2.1196794052888683
1587.0, 2.1241385471403786
1588.0, 2.1282383975189916
1589.0, 2.132007210547135
1590.0, 2.1354710912523944
1591.0, 2.138654151253104
1592.0, 2.1415786540239643
1593.0, 2.144265150339881
1594.0, 2.1467326044742925
1595.0, 2.148998511705292
1596.0, 2.151079007659251
1597.0, 2.1529889699977875
1598.0, 2.1547421129298927
1599.0, 2.1563510750072377
1600.0, 2.1578275006371492
1601.0, 2.1578275006371492
1602.0, 2.157827500637149
1603.0, 2.1578275006371492
1604.0, 2.1578275006371492
1605.0, 2.1578275006371497
1606.0, 2.157827500637149
1607.0, 2.1578275006371492
1608.0, 2.157827500637149
1609.0, 2.157827500637149
1610.0, 2.1578275006371497
1611.0, 2.1578275006371492
1612.0, 2.1578275006371492
1613.0, 2.157827500637149
1614.0, 2.157827500637149
1615.0, 2.157827500637149
1616.0, 2.1578275006371497
1617.0, 2.1578275006371492
1618.0, 2.1578275006371497
1619.0, 2.157827500637149
1620.0, 2.1578275006371492
1621.0, 2.1578275006371497
1622.0, 2.157827500637149
1623.0, 2.1578275006371483
1624.0, 2.1578275006371497
1625.0, 2.157827500637149
1626.0, 2.157827500637149
1627.0, 2.157827500637149
1628.0, 2.1578275006371492
1629.0, 2.1578275006371483
1630.0, 2.1578275006371492
1631.0, 2.157827500637149
1632.0, 2.157827500637149
1633.0, 2.1578275006371483
1634.0, 2.157827500637149
1635.0, 2.1578275006371492
1636.0, 2.157827500637149
1637.0, 2.1578275006371492
1638.0, 2.157827500637149
1639.0, 2.157827500637149
1640.0, 2.1578275006371492
1641.0, 2.1578275006371492
1642.0, 2.157827500637149
1643.0, 2.1578275006371497
1644.0, 2.157827500637149
1645.0, 2.1578275006371492
1646.0, 2.1578275006371492
1647.0, 2.157827500637149
1648.0, 2.1578275006371483
1649.0, 2.1578275006371492
1650.0, 2.157827500637149
1651.0, 2.1578275006371492
1652.0, 2.1578275006371492
1653.0, 2.1578275006371492
1654.0, 2.1578275006371483
1655.0, 2.1578275006371492
1656.0, 2.1578275006371492
1657.0, 2.1578275006371492
1658.0, 2.157827500637149
1659.0, 2.1578275006371492
1660.0, 2.1578275006371492
1661.0, 2.1578275006371492
1662.0, 2.1578275006371497
1663.0, 2.157827500637149
1664.0, 2.157827500637149
1665.0, 2.157827500637149
1666.0, 2.1578275006371492
1667.0, 2.1578275006371492
1668.0, 2.1578275006371497
1669.0, 2.1578275006371492
1670.0, 2.1578275006371497
1671.0, 2.157827500637149
1672.0, 2.157827500637149
1673.0, 2.1578275006371497
1674.0, 2.157827500637149
1675.0, 2.1578275006371483
1676.0, 2.1578275006371497
1677.0, 2.157827500637149
1678.0, 2.1578275006371497
1679.0, 2.1578275006371492
1680.0, 2.157827500637149
1681.0, 2.1578275006371492
1682.0, 2.1578275006371492
1683.0, 2.1578275006371492
1684.0, 2.1578275006371483
1685.0, 2.1578275006371497
1686.0, 2.1578275006371492
1687.0, 2.1578275006371483
1688.0, 2.1578275006371497
1689.0, 2.1578275006371492
1690.0, 2.1578275006371497
1691.0, 2.1578275006371497
1692.0, 2.157827500637149
1693.0, 2.1578275006371497
1694.0, 2.157827500637149
1695.0, 2.1578275006371492
1696.0, 2.157827500637149
1697.0, 2.1578275006371492
1698.0, 2.1578275006371492
1699.0, 2.1578275006371483
1700.0, 2.1578275006371497
1701.0, 2.1578275006371497
1702.0, 2.157827500637149
1703.0, 2.157827500637149
1704.0, 2.1578275006371492
1705.0, 2.1578275006371492
1706.0, 2.1578275006371492
1707.0, 2.157827500637149
1708.0, 2.1578275006371492
1709.0, 2.1578275006371497
1710.0, 2.1578275006371483
1711.0, 2.1578275006371492
1712.0, 2.157827500637149
1713.0, 2.1578275006371497
1714.0, 2.1578275006371492
1715.0, 2.1578275006371497
1716.0, 2.157827500637149
1717.0, 2.1578275006371492
1718.0, 2.1578275006371492
1719.0, 2.1578275006371492
1720.0, 2.1578275006371492
1721.0, 2.1578275006371497
1722.0, 2.1578275006371492
1723.0, 2.1578275006371497
1724.0, 2.1578275006371483
1725.0, 2.157827500637149
1726.0, 2.1578275006371492
1727.0, 2.1578275006371492
1728.0, 2.157827500637149
1729.0, 2.157827500637149
1730.0, 2.1578275006371483
1731.0, 2.157827500637149
1732.0, 2.157827500637149
1733.0, 2.1578275006371497
1734.0, 2.157827500637149
1735.0, 2.157827500637149
1736.0, 2.1578275006371497
1737.0, 2.1578275006371492
1738.0, 2.157827500637149
1739.0, 2.1578275006371492
1740.0, 2.1578275006371497
1741.0, 2.1578275006371492
1742.0, 2.1578275006371492
1743.0, 2.1578275006371483
1744.0, 2.157827500637149
1745.0, 2.1578275006371492
1746.0, 2.1578275006371492
1747.0, 2.1578275006371492
1748.0, 2.157827500637149
1749.0, 2.1578275006371492
1750.0, 2.1578275006371497
1751.0, 2.157827500637149
1752.0, 2.157827500637149
1753.0, 2.157827500637149
1754.0, 2.1578275006371497
1755.0, 2.157827500637149
1756.0, 2.157827500637149
1757.0, 2.1578275006371492
1758.0, 2.1578275006371483
1759.0, 2.1578275006371492
1760.0, 0.0
1761.0, 0.15067926794290526
1762.0, 0.29205358663497655
1763.0, 0.4245604806786211
1764.0, 0.5486354002840628
1765.0, 0.6647084556412698
1766.0, 0.7732017620020759
1767.0, 0.8745273117093695
1768.0, 0.9690852995391914
1769.0, 1.057262836708783
1770.0, 1.1394329968720511
1771.0, 1.215954144483617
1772.0, 1.287169502162159
1773.0, 1.3534069192115676
1774.0, 1.414978808343354
1775.0, 1.472182221956574
1776.0, 1.5252990431354256
1777.0, 1.574596269876121
1778.0, 1.6203263740041445
1779.0, 1.6627277188356402
1780.0, 1.7020250219126727
1781.0, 1.7384298511374279
1782.0, 1.7721411443770305
1783.0, 1.803345744137138
1784.0, 1.832218940234299
1785.0, 1.8589250145568055
1786.0, 1.883617783011675
1787.0, 1.90644113062933
1788.0, 1.9275295365534793
1789.0, 1.9470085862958126
1790.0, 1.9649954691959435
1791.0, 1.9815994595077078
1792.0, 1.996922379943459
1793.0, 2.011059046856931
1794.0, 2.0240976965405877
1795.0, 2.0361203923617373
1796.0, 2.0472034126693575
1797.0, 2.0574176195756655
1798.0, 2.066828808857956
1799.0, 2.0754980413409667
1800.0, 2.083481956212009
1801.0, 2.0908330667931954
1802.0, 2.0976000393504335
1803.0, 2.1038279555596344
1804.0, 2.1095585592792254
1805.0, 2.114830488296203
1806.0, 2.1196794917224895
1807.0, 2.1241386337204973
1808.0, 2.1282384842329853
1809.0, 2.132007297383448
1810.0, 2.135471178200448
1811.0, 2.1386542383032174
1812.0, 2.1415787411672786
1813.0, 2.144265237568292
1814.0, 2.1467326917803904
1815.0, 2.148998599082298
1816.0, 2.151079095100971
1817.0, 2.152989057498556
1818.0, 2.154742200484535
1819.0, 2.1563511626110237
1820.0, 2.1578275882857594
1821.0, 2.157827588285759
1822.0, 2.1578275882857594
1823.0, 2.1578275882857594
1824.0, 2.1578275882857594
1825.0, 2.1578275882857594
1826.0, 2.1578275882857594
1827.0, 2.157827588285759
1828.0, 2.1578275882857607
1829.0, 2.15782758828576
1830.0, 2.1578275882857594
1831.0, 2.157827588285759
1832.0, 2.157827588285759
1833.0, 2.1578275882857585
1834.0, 2.15782758828576
1835.0, 2.157827588285759
1836.0, 2.1578275882857594
1837.0, 2.157827588285759
1838.0, 2.1578275882857603
1839.0, 2.1578275882857594
1840.0, 2.157827588285759
1841.0, 2.15782758828576
1842.0, 2.1578275882857594
1843.0, 2.157827588285759
1844.0, 2.1578275882857594
1845.0, 2.1578275882857594
1846.0, 2.15782758828576
1847.0, 2.15782758828576
1848.0, 2.15782758828576
1849.0, 2.157827588285759
1850.0, 2.1578275882857594
1851.0, 2.15782758828576
1852.0, 2.1578275882857594
1853.0, 2.1578275882857594
1854.0, 2.15782758828576
1855.0, 2.15782758828576
1856.0, 2.1578275882857594
1857.0, 2.1578275882857603
1858.0, 2.157827588285759
1859.0, 2.157827588285759
1860.0, 2.1578275882857594
1861.0, 2.1578275882857594
1862.0, 2.1578275882857594
1863.0, 2.1578275882857594
1864.0, 2.1578275882857594
1865.0, 2.157827588285759
1866.0, 2.157827588285759
1867.0, 2.1578275882857594
1868.0, 2.1578275882857585
1869.0, 2.1578275882857594
1870.0, 2.157827588285759
1871.0, 2.157827588285759
1872.0, 2.15782758828576
1873.0, 2.1578275882857594
1874.0, 2.1578275882857594
1875.0, 2.1578275882857594
1876.0, 2.1578275882857594
1877.0, 2.15782758828576
1878.0, 2.15782758828576
1879.0, 2.15782758828576
1880.0, 2.1578275882857594
1881.0, 2.15782758828576
1882.0, 2.1578275882857603
1883.0, 2.15782758828576
1884.0, 2.1578275882857594
1885.0, 2.1578275882857594
1886.0, 2.15782758828576
1887.0, 2.1578275882857594
1888.0, 2.157827588285759
1889.0, 2.1578275882857594
1890.0, 2.157827588285759
1891.0, 2.1578275882857594
1892.0, 2.1578275882857594
1893.0, 2.15782758828576
1894.0, 2.1578275882857594
1895.0, 2.157827588285759
1896.0, 2.15782758828576
1897.0, 2.1578275882857594
1898.0, 2.1578275882857594
1899.0, 2.1578275882857594
1900.0, 2.1578275882857594
1901.0, 2.15782758828576
1902.0, 2.1578275882857594
1903.0, 2.1578275882857594
1904.0, 2.1578275882857594
1905.0, 2.157827588285759
1906.0, 2.1578275882857594
1907.0, 2.157827588285759
1908.0, 2.15782758828576
1909.0, 2.15782758828576
1910.0, 2.157827588285759
1911.0, 2.1578275882857594
1912.0, 2.15782758828576
1913.0, 2.15782758828576
1914.0, 2.157827588285759
1915.0, 2.15782758828576
1916.0, 2.157827588285759
1917.0, 2.1578275882857594
1918.0, 2.1578275882857594
1919.0, 2.1578275882857594
1920.0, 2.1578275882857603
1921.0, 2.15782758828576
1922.0, 2.1578275882857594
1923.0, 2.157827588285759
1924.0, 2.15782758828576
1925.0, 2.15782758828576
1926.0, 2.157827588285759
1927.0, 2.1578275882857594
1928.0, 2.157827588285759
1929.0, 2.157827588285759
1930.0, 2.157827588285759
1931.0, 2.1578275882857594
1932.0, 2.1578275882857594
1933.0, 2.157827588285759
1934.0, 2.1578275882857594
1935.0, 2.1578275882857594
1936.0, 2.1578275882857594
1937.0, 2.157827588285759
1938.0, 2.1578275882857585
1939.0, 2.1578275882857594
1940.0, 2.1578275882857594
1941.0, 2.15782758828576
1942.0, 2.157827588285759
1943.0, 2.15782758828576
1944.0, 2.1578275882857594
1945.0, 2.1578275882857585
1946.0, 2.1578275882857594
1947.0, 2.15782758828576
1948.0, 2.1578275882857594
1949.0, 2.1578275882857594
1950.0, 2.1578275882857594
1951.0, 2.15782758828576
1952.0, 2.157827588285759
1953.0, 2.15782758828576
1954.0, 2.1578275882857594
1955.0, 2.1578275882857594
1956.0, 2.1578275882857594
1957.0, 2.157827588285759
1958.0, 2.1578275882857594
1959.0, 2.1578275882857594
1960.0, 2.1578275882857594
1961.0, 2.1578275882857594
1962.0, 2.157827588285759
1963.0, 2.1578275882857594
1964.0, 2.1578275882857585
1965.0, 2.1578275882857594
1966.0, 2.157827588285759
1967.0, 2.1578275882857594
1968.0, 2.157827588285759
1969.0, 2.1578275882857585
1970.0, 2.1578275882857585
1971.0, 2.1578275882857594
1972.0, 2.1578275882857594
1973.0, 2.157827588285759
1974.0, 2.1578275882857594
1975.0, 2.157827588285759
1976.0, 2.1578275882857594
1977.0, 2.157827588285759
1978.0, 2.1578275882857594
1979.0, 2.1578275882857594
1980.0, 0.0
1981.0, 0.15067926848504262
1982.0, 0.2920535876815651
1983.0, 0.4245604821941074
1984.0, 0.5486354022349743
1985.0, 0.6647084579961509
1986.0, 0.773201764731417
1987.0, 0.8745273147855319
1988.0, 0.9690853029363253
1989.0, 1.057262840402745
1990.0, 1.1394330008403206
1991.0, 1.215954148705212
1992.0, 1.2871695066175528
1993.0, 1.3534069238826065
1994.0, 1.4149788132131778
1995.0, 1.4721822270095393
1996.0, 1.525299048357028
1997.0, 1.5745962752529254
1998.0, 1.6203263795237177
1999.0, 1.66272772448648
2000.0, 1.7020250276841493
2001.0, 1.7384298570197234
2002.0, 1.7721411503610842
2003.0, 1.8033457502145904
2004.0, 1.8322189463974445
2005.0, 1.8589250207985433
2006.0, 1.8836177893254673
2007.0, 1.906441137009158
2008.0, 1.9275295429938066
2009.0, 1.947008592791548
2010.0, 1.964995475742408
2011.0, 1.981599466100604
2012.0, 1.9969223865788384
2013.0, 2.0110590535311705
2014.0, 2.0240977032503613
2015.0, 2.036120399103998
2016.0, 2.0472034194413085
2017.0, 2.057417626374745
2018.0, 2.0668288156818155
2019.0, 2.075498048187456
2020.0, 2.0834819630791586
2021.0, 2.090833073679204
2022.0, 2.097600046253652
2023.0, 2.1038279624785545
2024.0, 2.109558566212466
2025.0, 2.114830495242505
2026.0, 2.1196794986806995
2027.0, 2.1241386406895617
2028.0, 2.1282384912119414
2029.0, 2.1320073043714185
2030.0, 2.1354711851966304
2031.0, 2.1386542453068778
2032.0, 2.1415787481777504
2033.0, 2.1442652445849646
2034.0, 2.146732698802707
2035.0, 2.1489986061097524
2036.0, 2.1510791021330995
2037.0, 2.1529890645349385
2038.0, 2.154742207524786
2039.0, 2.156351169654794
2040.0, 2.15782759533273
2041.0, 2.1578275953327295
2042.0, 2.1578275953327295
2043.0, 2.157827595332729
2044.0, 2.1578275953327295
2045.0, 2.15782759533273
2046.0, 2.1578275953327286
2047.0, 2.1578275953327295
2048.0, 2.1578275953327286
2049.0, 2.157827595332729
2050.0, 2.15782759533273
2051.0, 2.1578275953327295
2052.0, 2.15782759533273
2053.0, 2.157827595332729
2054.0, 2.1578275953327286
2055.0, 2.1578275953327286
2056.0, 2.157827595332729
2057.0, 2.157827595332729
2058.0, 2.15782759533273
2059.0, 2.157827595332729
2060.0, 2.15782759533273
2061.0, 2.1578275953327295
2062.0, 2.1578275953327295
2063.0, 2.1578275953327295
2064.0, 2.1578275953327304
2065.0, 2.1578275953327295
2066.0, 2.1578275953327295
2067.0, 2.157827595332729
2068.0, 2.157827595332729
2069.0, 2.157827595332729
2070.0, 2.157827595332729
2071.0, 2.1578275953327295
2072.0, 2.1578275953327286
2073.0, 2.15782759533273
2074.0, 2.1578275953327286
2075.0, 2.15782759533273
2076.0, 2.157827595332729
2077.0, 2.15782759533273
2078.0, 2.15782759533273
2079.0, 2.1578275953327295
2080.0, 2.157827595332729
2081.0, 2.15782759533273
2082.0, 2.1578275953327295
2083.0, 2.157827595332729
2084.0, 2.1578275953327295
2085.0, 2.1578275953327295
2086.0, 2.1578275953327295
2087.0, 2.15782759533273
2088.0, 2.157827595332729
2089.0, 2.157827595332729
2090.0, 2.157827595332729
2091.0, 2.1578275953327295
2092.0, 2.157827595332729
2093.0, 2.1578275953327295
2094.0, 2.1578275953327286
2095.0, 2.157827595332729
2096.0, 2.1578275953327295
2097.0, 2.157827595332729
2098.0, 2.15782759533273
2099.0, 2.1578275953327295
2100.0, 2.157827595332729
2101.0, 2.1578275953327295
2102.0, 2.1578275953327295
2103.0, 2.15782759533273
2104.0, 2.157827595332729
2105.0, 2.1578275953327295
2106.0, 2.1578275953327295
2107.0, 2.157827595332729
2108.0, 2.15782759533273
2109.0, 2.1578275953327295
2110.0, 2.1578275953327295
2111.0, 2.1578275953327295
2112.0, 2.15782759533273
2113.0, 2.157827595332729
2114.0, 2.157827595332729
2115.0, 2.1578275953327295
2116.0, 2.157827595332729
2117.0, 2.1578275953327295
2118.0, 2.1578275953327295
2119.0, 2.157827595332729
2120.0, 2.157827595332729
2121.0, 2.15782759533273
2122.0, 2.15782759533273
2123.0, 2.1578275953327295
2124.0, 2.1578275953327295
2125.0, 2.1578275953327295
2126.0, 2.15782759533273
2127.0, 2.1578275953327295
2128.0, 2.1578275953327286
2129.0, 2.1578275953327295
2130.0, 2.157827595332729
2131.0, 2.1578275953327295
2132.0, 2.157827595332729
2133.0, 2.157827595332729
2134.0, 2.1578275953327295
2135.0, 2.1578275953327286
2136.0, 2.1578275953327295
2137.0, 2.157827595332729
2138.0, 2.157827595332729
2139.0, 2.1578275953327295
2140.0, 2.1578275953327295
2141.0, 2.1578275953327295
2142.0, 2.157827595332729
2143.0, 2.15782759533273
2144.0, 2.1578275953327295
2145.0, 2.1578275953327295
2146.0, 2.1578275953327295
2147.0, 2.1578275953327295
2148.0, 2.157827595332729
2149.0, 2.15782759533273
2150.0, 2.1578275953327295
2151.0, 2.1578275953327295
2152.0, 2.157827595332729
2153.0, 2.1578275953327295
2154.0, 2.15782759533273
2155.0, 2.157827595332729
2156.0, 2.15782759533273
2157.0, 2.157827595332729
2158.0, 2.157827595332729
2159.0, 2.15782759533273
2160.0, 2.1578275953327295
2161.0, 2.1578275953327295
2162.0, 2.15782759533273
2163.0, 2.1578275953327295
2164.0, 2.1578275953327295
2165.0, 2.157827595332729
2166.0, 2.1578275953327295
2167.0, 2.1578275953327286
2168.0, 2.15782759533273
2169.0, 2.1578275953327304
2170.0, 2.157827595332729
2171.0, 2.15782759533273
2172.0, 2.1578275953327295
2173.0, 2.1578275953327295
2174.0, 2.15782759533273
2175.0, 2.1578275953327295
2176.0, 2.1578275953327295
2177.0, 2.15782759533273
2178.0, 2.157827595332729
2179.0, 2.1578275953327295
2180.0, 2.157827595332729
2181.0, 2.157827595332729
2182.0, 2.157827595332729
2183.0, 2.1578275953327295
2184.0, 2.15782759533273
2185.0, 2.1578275953327295
2186.0, 2.1578275953327295
2187.0, 2.157827595332729
2188.0, 2.1578275953327295
2189.0, 2.157827595332729
2190.0, 2.15782759533273
2191.0, 2.1578275953327295
2192.0, 2.1578275953327295
2193.0, 2.1578275953327295
2194.0, 2.157827595332729
2195.0, 2.1578275953327295
2196.0, 2.15782759533273
2197.0, 2.157827595332729
2198.0, 2.1578275953327304
2199.0, 2.1578275953327295
2200.0, 0.0
