0.00, 0.0
0.01, 0.0
0.02, 0.0
0.03, 0.0
0.04, 0.0
0.05, 0.0
0.06, 0.0
0.07, 0.0
0.08, 0.0
0.09, 0.0
0.10, 0.0
0.11, 0.0
0.12, 0.0
0.13, 0.0
0.14, 0.0
0.15, 0.0
0.16, 0.0
0.17, 0.0
0.18, 0.0
0.19, 0.0
0.20, 0.0
0.21, 0.0
0.22, 0.0
0.23, 0.0
0.24, 0.0
0.25, 0.0
0.26, 0.0
0.27, 0.0
0.28, 0.0
0.29, 0.0
0.30, 0.0
0.31, 0.0
0.32, 0.0
0.33, 0.0
0.34, 0.0
0.35, 0.0
0.36, 0.0
0.37, 0.0
0.38, 0.0
0.39, 0.0
0.40, 0.0
0.41, 0.0
0.42, 0.0
0.43, 0.0
0.44, 0.0
0.45, 0.0
0.46, 0.0
0.47, 0.0
0.48, 0.0
0.49, 0.0
0.50, 0.0
0.51, 0.0
0.52, 0.0
0.53, 0.0
0.54, 0.0
0.55, 0.0
0.56, 0.0
0.57, 0.0
0.58, 0.0
0.59, 0.0
0.60, 0.0
0.61, 0.0
0.62, 0.0
0.63, 0.0
0.64, 0.0
0.65, 0.0
0.66, 0.0
0.67, 0.0
0.68, 0.0
0.69, 0.0
0.70, 0.0
0.71, 0.0
0.72, 0.0
0.73, 0.0
0.74, 0.0
0.75, 0.0
0.76, 0.0
0.77, 0.0
0.78, 0.0
0.79, 0.0
0.80, 0.0
0.81, 0.0
0.82, 0.0
0.83, 0.0
0.84, 0.0
0.85, 0.0
0.86, 0.0
0.87, 0.0
0.88, 0.0
0.89, 0.0
0.90, 0.0
0.91, 0.0
0.92, 0.0
0.93, 0.0
0.94, 0.0
0.95, 0.0
0.96, 0.0
0.97, 0.0
0.98, 0.0
0.99, 0.0
1.00, 0.0
1.01, 0.0
1.02, 0.0
1.03, 0.0
1.04, 0.0
1.05, 0.0
1.06, 0.0
1.07, 0.0
1.08, 0.0
1.09, 0.0
1.10, 0.0
1.11, 0.0
1.12, 0.0
1.13, 0.0
1.14, 0.0
1.15, 0.0
1.16, 0.0
1.17, 0.0
1.18, 0.0
1.19, 0.0
1.20, 0.0
1.21, 0.0
1.22, 0.0
1.23, 0.0
1.24, 0.0
1.25, 0.0
1.26, 0.0
1.27, 0.0
1.28, 0.0
1.29, 0.0
1.30, 0.0
1.31, 0.0
1.32, 0.0
1.33, 0.0
1.34, 0.0
1.35, 0.0
1.36, 0.0
1.37, 0.0
1.38, 0.0
1.39, 0.0
1.40, 0.0
1.41, 0.0
1.42, 0.0
1.43, 0.0
1.44, 0.0
1.45, 0.0
1.46, 0.0
1.47, 0.0
1.48, 0.0
1.49, 0.0
1.50, 0.0
1.51, 0.0
1.52, 0.0
1.53, 0.0
1.54, 0.0
1.55, 0.0
1.56, 0.0
1.57, 0.0
1.58, 0.0
1.59, 0.0
1.60, 0.0
1.61, 0.0
1.62, 0.005
1.63, 0.0
1.64, 0.0
1.65, 0.0
1.66, 0.0
1.67, 0.0
1.68, 0.0
1.69, 0.0
1.70, 0.0
1.71, 0.0
1.72, 0.0
1.73, 0.0
1.74, 0.0
1.75, 0.0
1.76, 0.0
1.77, 0.015000000000000001
1.78, 0.0
1.79, 0.004999999999999999
1.80, 0.0
1.81, 0.0
1.82, 0.004999999999999997
1.83, 0.010000000000000004
1.84, 0.004999999999999997
1.85, 0.010000000000000004
1.86, 0.009999999999999993
1.87, 0.005000000000000002
1.88, 0.0
1.89, 0.005000000000000002
1.90, 0.0
1.91, 0.014999999999999996
1.92, 0.005000000000000002
1.93, 0.005000000000000002
1.94, 0.019999999999999987
1.95, 0.025
1.96, 0.010000000000000004
1.97, 0.014999999999999996
1.98, 0.015000000000000017
1.99, 0.020000000000000007
2.00, 0.014999999999999996
2.01, 0.019999999999999966
2.02, 0.01500000000000004
2.03, 0.019999999999999966
2.04, 0.005000000000000013
2.05, 0.025000000000000022
2.06, 0.009999999999999983
2.07, 0.020000000000000007
2.08, 0.009999999999999983
2.09, 0.025000000000000022
2.10, 0.049999999999999954
2.11, 0.020000000000000052
2.12, 0.049999999999999954
2.13, 0.029999999999999992
2.14, 0.059999999999999984
2.15, 0.035000000000000045
2.16, 0.055000000000000014
2.17, 0.029999999999999992
2.18, 0.055000000000000014
2.19, 0.054999999999999924
2.20, 0.07000000000000009
2.21, 0.025000000000000022
2.22, 0.06999999999999992
2.23, 0.06999999999999992
2.24, 0.055000000000000014
2.25, 0.08000000000000003
2.26, 0.06499999999999995
2.27, 0.08000000000000003
2.28, 0.059999999999999984
2.29, 0.09500000000000011
2.30, 0.0899999999999998
2.31, 0.085
2.32, 0.09000000000000015
2.33, 0.10499999999999989
2.34, 0.11999999999999997
2.35, 0.09000000000000015
2.36, 0.13999999999999985
2.37, 0.13500000000000004
2.38, 0.09499999999999995
2.39, 0.10500000000000023
2.40, 0.0899999999999998
2.41, 0.15499999999999992
2.42, 0.12000000000000031
2.43, 0.11999999999999997
2.44, 0.13500000000000004
2.45, 0.1349999999999997
2.46, 0.1899999999999999
2.47, 0.20000000000000018
2.48, 0.1899999999999999
2.49, 0.2149999999999999
2.50, 0.1800000000000003
2.51, 0.22999999999999965
2.52, 0.22000000000000006
2.53, 0.26499999999999996
2.54, 0.23000000000000034
2.55, 0.16499999999999987
2.56, 0.22000000000000006
2.57, 0.23999999999999994
2.58, 0.23999999999999994
2.59, 0.25499999999999967
2.60, 0.2500000000000002
2.61, 0.29
2.62, 0.2600000000000005
2.63, 0.29499999999999943
2.64, 0.3350000000000006
2.65, 0.2349999999999991
2.66, 0.36500000000000005
2.67, 0.29
2.68, 0.32000000000000084
2.69, 0.4250000000000004
2.70, 0.37499999999999895
2.71, 0.4150000000000001
2.72, 0.3850000000000006
2.73, 0.47999999999999987
2.74, 0.36500000000000005
2.75, 0.38499999999999923
2.76, 0.3850000000000006
2.77, 0.3499999999999989
2.78, 0.495000000000001
2.79, 0.40000000000000036
2.80, 0.46499999999999875
2.81, 0.470000000000001
2.82, 0.5649999999999988
2.83, 0.5400000000000016
2.84, 0.5149999999999988
2.85, 0.605
2.86, 0.495000000000001
2.87, 0.5349999999999994
2.88, 0.4599999999999993
2.89, 0.5350000000000021
2.90, 0.5299999999999999
2.91, 0.4599999999999993
2.92, 0.605
2.93, 0.6500000000000006
2.94, 0.5899999999999989
2.95, 0.6500000000000006
2.96, 0.6700000000000012
2.97, 0.6449999999999984
2.98, 0.655
2.99, 0.6500000000000006
3.00, 75.28
3.01, 0.0
3.02, 0.0
3.03, 0.0
3.04, 0.0
3.05, 0.0
3.06, 0.0
3.07, 0.0
3.08, 0.0
3.09, 0.0
3.10, 0.0
3.11, 0.0
3.12, 0.0
3.13, 0.0
3.14, 0.0
3.15, 0.0
3.16, 0.0
3.17, 0.0
3.18, 0.0
3.19, 0.0
3.20, 0.0
3.21, 0.0
3.22, 0.0
3.23, 0.0
3.24, 0.0
3.25, 0.0
3.26, 0.0
3.27, 0.0
3.28, 0.0
3.29, 0.0
3.30, 0.0
3.31, 0.0
3.32, 0.0
3.33, 0.0
3.34, 0.0
3.35, 0.0
3.36, 0.0
3.37, 0.0
3.38, 0.0
3.39, 0.0
3.40, 0.0
3.41, 0.0
3.42, 0.0
3.43, 0.0
3.44, 0.0
3.45, 0.0
3.46, 0.0
3.47, 0.0
3.48, 0.0
3.49, 0.0
3.50, 0.0
3.51, 0.0
3.52, 0.0
3.53, 0.0
3.54, 0.0
3.55, 0.0
3.56, 0.0
3.57, 0.0
3.58, 0.0
3.59, 0.0
3.60, 0.0
3.61, 0.0
3.62, 0.0
3.63, 0.0
3.64, 0.0
3.65, 0.0
3.66, 0.0
3.67, 0.0
3.68, 0.0
3.69, 0.0
3.70, 0.0
3.71, 0.0
3.72, 0.0
3.73, 0.0
3.74, 0.0
3.75, 0.0
3.76, 0.0
3.77, 0.0
3.78, 0.0
3.79, 0.0
3.80, 0.0
3.81, 0.0
3.82, 0.0
3.83, 0.0
3.84, 0.0
3.85, 0.0
3.86, 0.0
3.87, 0.0
3.88, 0.0
3.89, 0.0
3.90, 0.0
3.91, 0.0
3.92, 0.0
3.93, 0.0
3.94, 0.0
3.95, 0.0
3.96, 0.0
3.97, 0.0
3.98, 0.0
3.99, 0.0
4.00, 0.0
