0.00, 0.0
0.01, 2.4414062500000015E-58
0.02, 9.222000732421871E-51
0.03, 3.140672616027831E-46
0.04, 5.714462885315369E-43
0.05, 2.081444843025558E-40
0.06, 2.713370852769192E-38
0.07, 1.7225976762171384E-36
0.08, 6.408339526199823E-35
0.09, 1.5765516108363555E-33
0.10, 2.7891776994685694E-32
0.11, 3.7705079126161626E-31
0.12, 4.075612642461135E-30
0.13, 3.647505947939073E-29
0.14, 2.7777315915879714E-28
0.15, 1.839791187593932E-27
0.16, 1.078780613092515E-26
0.17, 5.682215382341593E-26
0.18, 2.7213957173560415E-25
0.19, 1.1972504984523472E-24
0.20, 4.8804108582319255E-24
0.21, 1.8570417096662213E-23
0.22, 6.638242226507472E-23
0.23, 2.241593754974373E-22
0.24, 7.18513078630391E-22
0.25, 2.1954950136648086E-21
0.26, 6.4191922760163E-21
0.27, 1.801876260224196E-20
0.28, 4.870297783984371E-20
0.29, 1.2709430105475399E-19
0.30, 3.20976775289004E-19
0.31, 7.86200407634209E-19
0.32, 1.871333713962177E-18
0.33, 4.336064033111173E-18
0.34, 9.796387945131828E-18
0.35, 2.161228360119137E-17
0.36, 4.662129113002465E-17
0.37, 9.845853449289591E-17
0.38, 2.0379868521750734E-16
0.39, 4.138884698432334E-16
0.40, 8.255048000215485E-16
0.41, 1.6184503858407997E-15
0.42, 3.1216462504462007E-15
0.43, 5.927996630262599E-15
0.44, 1.1091350798739657E-14
0.45, 2.0459938695038163E-14
0.46, 3.723398512273639E-14
0.47, 6.68874040739247E-14
0.48, 1.186743881818508E-13
0.49, 2.080659125742449E-13
0.50, 3.606500482735124E-13
0.51, 6.183146321982174E-13
0.52, 1.048956157175932E-12
0.53, 1.7615890104732468E-12
0.54, 2.929655787243308E-12
0.55, 4.826691326925662E-12
0.56, 7.880451204929103E-12
0.57, 1.2754431532308694E-11
0.58, 2.0469729681070628E-11
0.59, 3.2585904541118436E-11
0.60, 5.14675460374993E-11
0.61, 8.067454893045851E-11
0.62, 1.2552981197750234E-10
0.63, 1.939398738805213E-10
0.64, 2.975740255527468E-10
0.65, 4.535485996286051E-10
0.66, 6.868192719630962E-10
0.67, 1.0335603831849073E-9
0.68, 1.5459131592431059E-9
0.69, 2.2986229894129453E-9
0.70, 3.3982709581833106E-9
0.71, 4.996051351971981E-9
0.72, 7.305373910029158E-9
0.73, 1.0626001675088482E-8
0.74, 1.5377003872891497E-8
0.75, 2.214154851377636E-8
0.76, 3.1727532578368424E-8
0.77, 4.524931374365289E-8
0.78, 6.423744890263365E-8
0.79, 9.078546501117415E-8
0.80, 1.277454175560426E-7
0.81, 1.7898749477072137E-7
0.82, 2.4974340610558804E-7
0.83, 3.470590062269966E-7
0.84, 4.803888676959469E-7
0.85, 6.623747190111727E-7
0.86, 9.098612951306031E-7
0.87, 1.2452178031587414E-6
0.88, 1.6980516223155822E-6
0.89, 2.307423937100213E-6
0.90, 3.1247058501882782E-6
0.91, 4.217249485456309E-6
0.92, 5.673093314022861E-6
0.93, 7.606976413371758E-6
0.94, 1.0168005021911145E-5
0.95, 1.3549399507482153E-5
0.96, 1.800085426471489E-5
0.97, 2.384417135394677E-5
0.98, 3.149298601793942E-5
0.99, 4.147759471184371E-5
1.00, 5.447613132350872E-5
1.01, 7.051090072797135E-5
1.02, 8.985611052564053E-5
1.03, 1.1372095154787622E-4
1.04, 1.4298239478791058E-4
1.05, 1.7865261766586898E-4
1.06, 2.2189409462730853E-4
1.07, 2.7403558621958384E-4
1.08, 3.3658898796734137E-4
1.09, 4.112669880748213E-4
1.10, 5.000014702347185E-4
1.11, 6.049625847283245E-4
1.12, 7.28578397674753E-4
1.13, 8.735550148515662E-4
1.14, 0.001042897063093678
1.15, 0.0012399283990169123
1.16, 0.0014683129018452194
1.17, 0.001732075194587166
1.18, 0.0020356211258500067
1.19, 0.002383757833341856
1.20, 0.0027817131997328725
1.21, 0.0032351545021658654
1.22, 0.0037502060484557323
1.23, 0.0043334655860285745
1.24, 0.00499201926403993
1.25, 0.0057334549249991274
1.26, 0.006565873499708215
1.27, 0.007497898278497494
1.28, 0.00853868183268915
1.29, 0.009697910363001914
1.30, 0.010985805256297632
1.31, 0.01241312163868198
1.32, 0.013991143721552707
1.33, 0.01573167674772684
1.34, 0.017647035357287233
1.35, 0.01975002820721731
1.36, 0.022053938695222923
1.37, 0.024572501656291188
1.38, 0.027319875920438
1.39, 0.03031061264165322
1.40, 0.033559619331136006
1.41, 0.037082119552422646
1.42, 0.04089360826173886
1.43, 0.04500980280376585
1.44, 0.04944658960073433
1.45, 0.05421996660121405
1.46, 0.059345981583904577
1.47, 0.06484066644092817
1.48, 0.07071996759433875
1.49, 0.07699967272858906
1.50, 0.08369533405011564
1.51, 0.09082218831299345
1.52, 0.09839507387625154
1.53, 0.10642834508372313
1.54, 0.11493578428101985
1.55, 0.12393051180593674
1.56, 0.1334248943080216
1.57, 0.14343045177003366
1.58, 0.15395776361792102
1.59, 0.1650163743170327
1.60, 0.176614698859354
1.61, 0.1887599285504849
1.62, 0.2014579375043176
1.63, 0.21471319024872446
1.64, 0.22852865083605559
1.65, 0.24290569383768298
1.66, 0.2578440175825945
1.67, 0.27334155997479487
1.68, 0.28939441719387365
1.69, 0.30599676554670385
1.70, 0.3231407866956852
1.71, 0.3408165964405893
1.72, 0.3590121771760386
1.73, 0.37771331408537956
1.74, 0.3969035350639756
1.75, 0.41656405429076754
1.76, 0.43667371928581555
1.77, 0.45720896120431676
1.78, 0.478143748024501
1.79, 0.4994495401850957
1.80, 0.5210952481243397
1.81, 0.5430471910580811
1.82, 0.5652690562189158
1.83, 0.587721857654866
1.84, 0.6103638935588642
1.85, 0.6331507009693788
1.86, 0.6560350065484638
1.87, 0.6789666720054877
1.88, 0.7018926325979641
1.89, 0.7247568270021237
1.90, 0.7475001167081774
1.91, 0.7700601929635897
1.92, 0.7923714691557143
1.93, 0.8143649564083949
1.94, 0.8359681200519886
1.95, 0.857104714533477
1.96, 0.8776945942525982
1.97, 0.8976534977530343
1.98, 0.9168928026721673
1.99, 0.9353192488573692
2.00, 0.9528346271069771
2.01, 0.9697323297552962
2.02, 0.9863285085252749
2.03, 1.0025757930819723
2.04, 1.0184506485559575
2.05, 1.0339289802677065
2.06, 1.0489861922540311
2.07, 1.0635972503152957
2.08, 1.0777367494409607
2.09, 1.0913789854496425
2.10, 1.1044980306544383
2.11, 1.1170678133392176
2.12, 1.129062200814862
2.13, 1.1404550857892881
2.14, 1.1512204757755162
2.15, 1.1613325852333711
2.16, 1.17076593011608
2.17, 1.1794954244846723
2.18, 1.1874964788207376
2.19, 1.1947450996608378
2.20, 1.2012179901530529
2.21, 1.20689265112649
2.22, 1.2117474822480878
2.23, 1.2157618828323835
2.24, 1.2189163518584456
2.25, 1.2211925867452234
2.26, 1.2225735804274551
2.27, 1.2230437162728758
2.28, 1.2225888603845991
2.29, 1.2211964508309636
2.30, 1.218855583348899
2.31, 1.215557093080677
2.32, 1.2112936319051526
2.33, 1.2060597409442209
2.34, 1.199851917833994
2.35, 1.1926686783721996
2.36, 1.184510612171663
2.37, 1.1753804319682648
2.38, 1.1652830162624195
2.39, 1.1542254449970257
2.40, 1.142217027998138
2.41, 1.1292693259465691
2.42, 1.115396163671345
2.43, 1.1006136355939389
2.44, 1.0849401031884365
2.45, 1.068396184357867
2.46, 1.0510047346668494
2.47, 1.0327908204082692
2.48, 1.013781683521986
2.49, 0.9940066984229223
2.50, 0.9734973208382569
2.51, 0.9522870287890117
2.52, 0.9304112558997768
2.53, 0.907907317247747
2.54, 0.884814328014305
2.55, 0.8611731152284974
2.56, 0.8370261229371678
2.57, 0.8124173111652588
2.58, 0.7873920490662489
2.59, 0.7619970026960132
2.60, 0.7362800178649098
2.61, 0.7102899985625966
2.62, 0.6840767814595305
2.63, 0.6576910070259845
2.64, 0.6311839878144543
2.65, 0.6046075744791213
2.66, 0.5780140201105066
2.67, 0.5514558434767669
2.68, 0.5249856917701634
2.69, 0.4986562034570152
2.70, 0.47251987183102306
2.71, 0.44662890986865156
2.72, 0.42103511696832685
2.73, 0.3957897481598138
2.74, 0.37094338633790747
2.75, 0.3465458180733183
2.76, 0.32264591352194616
2.77, 0.29929151093508466
2.78, 0.27652930624346705
2.79, 0.25440474816185166
2.80, 0.2329619392236859
2.81, 0.2122435431245684
2.82, 0.19229069871455895
2.83, 0.17314294093813132
2.84, 0.15483812898419158
2.85, 0.13741238186090188
2.86, 0.12090002156841528
2.87, 0.10533352400061702
2.88, 0.09074347765273272
2.89, 0.07715855017670359
2.90, 0.064605462770706
2.91, 0.05310897234708234
2.92, 0.04269186137905168
2.93, 0.033374935275731765
2.94, 0.025177027097922355
2.95, 0.01811500938065924
2.96, 0.012203812787658919
2.97, 0.007456451285736687
2.98, 0.0038840534900108636
2.99, 0.0014958997950453856
3.00, 2.9946487778431674E-4
3.01, 0.0
3.02, 0.0
3.03, 0.0
3.04, 0.0
3.05, 0.0
3.06, 0.0
3.07, 0.0
3.08, 0.0
3.09, 0.0
3.10, 0.0
3.11, 0.0
3.12, 0.0
3.13, 0.0
3.14, 0.0
3.15, 0.0
3.16, 0.0
3.17, 0.0
3.18, 0.0
3.19, 0.0
3.20, 0.0
3.21, 0.0
3.22, 0.0
3.23, 0.0
3.24, 0.0
3.25, 0.0
3.26, 0.0
3.27, 0.0
3.28, 0.0
3.29, 0.0
3.30, 0.0
3.31, 0.0
3.32, 0.0
3.33, 0.0
3.34, 0.0
3.35, 0.0
3.36, 0.0
3.37, 0.0
3.38, 0.0
3.39, 0.0
3.40, 0.0
3.41, 0.0
3.42, 0.0
3.43, 0.0
3.44, 0.0
3.45, 0.0
3.46, 0.0
3.47, 0.0
3.48, 0.0
3.49, 0.0
3.50, 0.0
3.51, 0.0
3.52, 0.0
3.53, 0.0
3.54, 0.0
3.55, 0.0
3.56, 0.0
3.57, 0.0
3.58, 0.0
3.59, 0.0
3.60, 0.0
3.61, 0.0
3.62, 0.0
3.63, 0.0
3.64, 0.0
3.65, 0.0
3.66, 0.0
3.67, 0.0
3.68, 0.0
3.69, 0.0
3.70, 0.0
3.71, 0.0
3.72, 0.0
3.73, 0.0
3.74, 0.0
3.75, 0.0
3.76, 0.0
3.77, 0.0
3.78, 0.0
3.79, 0.0
3.80, 0.0
3.81, 0.0
3.82, 0.0
3.83, 0.0
3.84, 0.0
3.85, 0.0
3.86, 0.0
3.87, 0.0
3.88, 0.0
3.89, 0.0
3.90, 0.0
3.91, 0.0
3.92, 0.0
3.93, 0.0
3.94, 0.0
3.95, 0.0
3.96, 0.0
3.97, 0.0
3.98, 0.0
3.99, 0.0
4.00, 0.0
